POSITION: BOTTOMLEFT 237323 242850
237709
86483
84613
85384
237711
86482
88709
242850
86483
238329
86835
86481
87588
88709
87946
87945
243514
237709
238330
238329
86483
240763
241396
89084
241781
241398
240761
241781
89084
88710
240763
242850
88709
242851
88709
243512
88709
243514
237709
86483
84613
85384
86481
86835
86483
238329
238329
86835
86481
87588
88709
87945
240385
87946
87945
237709
238330
238329
86483
240761
87944
240763
241396
241398
240761
241781
89084
242850
88709
242851
88709
243512
88709
243514
84259
84259
237710
85385
84613
85385
86481
86835
86483
238329
85385
237323
86835
86481
87588
240385
88709
87945
87946
87946
87945
88709
87945
243514
243512
237323
85385
237709
238330
237710
238330
238329
86483
240761
87944
240763
241396
89084
241781
241398
240761
241781
89084
88709
90226
242850
243514
243514
242850
242849
242851
242849
243512
243514
243514
243512
84259
84259
84613
85385
86481
86835
86483
238329
85385
86835
86481
87588
240385
87945
87946
87946
87945
88709
87945
237323
85385
237709
238330
237710
238330
238329
86483
240761
87944
240763
241396
241398
240761
241781
89084
243514
243514
242849
242851
242850
242849
242851
242849
243512
243514
243514
243512
POSITION: BOTTOM 242850 245739
242850
88802
243785
244671
244669
89954
244656
90156
90167
244639
89929
89928
89927
89926
243827
243828
243829
243831
243833
243834
90183
244619
243844
243848
243544
243543
243541
243540
243538
90207
90208
90209
243525
243518
243515
243514
88812
88811
88980
244839
89967
89966
89963
89960
88969
88968
88822
88826
88970
88968
88985
88987
88988
88989
88991
88991
88990
244672
244673
244674
88984
88998
89000
243797
243799
243800
243801
244655
89943
90156
88999
89001
89007
89009
243814
243817
243818
243819
89923
89001
89005
89002
89001
243791
88800
243783
244682
89005
89001
89885
90221
89895
89896
89897
89898
89899
243545
243547
243548
243549
243550
243552
89908
90191
89897
89898
89898
89897
89902
90202
90203
90206
243529
243525
89921
89922
243821
243819
89923
243827
243825
243824
243819
89927
89926
89936
90156
89939
89941
89944
244659
89954
89954
244656
89960
89963
89965
89967
89968
245725
245733
245734
245739
88958
90156
90167
90169
90168
90167
90170
90168
90174
90175
90176
244623
244619
90175
90173
90168
90177
90176
90173
90179
90177
90180
90181
90182
90183
90181
90182
90184
90186
90187
90188
90190
90191
243848
90190
90188
90191
243848
90204
90205
90206
90218
90217
90216
90215
90214
243530
243531
243533
243534
243535
243537
243538
90219
242841
242843
242844
242845
242847
90221
90220
242483
242820
242814
242808
243555
89917
89919
243824
242795
89924
243819
242808
242814
242816
242817
242820
89890
89887
89886
89879
242848
242818
242820
242825
242826
242828
242829
242830
242832
242834
242835
89879
242837
242835
242838
242839
242841
242847
242846
242844
242842
90220
242848
242846
242850
242851
243512
243514
243515
243520
243521
243525
243532
243531
243535
243534
243546
89901
90202
243547
89901
243580
244646
244647
244648
244650
244651
244652
244654
244655
244656
243755
244700
87707
243813
243811
243806
243820
243821
243833
243834
243835
243836
90186
243837
243838
90187
243848
243844
244619
243841
243844
244633
244632
90177
244634
244632
244643
244642
244682
88980
89968
89966
244814
244698
244844
89966
244846
89963
245721
245725
88802
243785
88812
88811
88826
88966
244687
88808
243783
88958
245739
88969
88968
88970
88968
88984
88985
88985
88987
88991
88990
88998
89000
88999
89001
89001
89005
89002
89001
89005
89001
89885
89895
89896
89897
89898
89898
89897
89902
90202
89921
89922
89923
243827
89927
89926
89936
90156
89939
89941
89954
244656
89960
89963
89965
89967
90156
90167
90169
90168
90170
90168
90174
90175
90175
90173
90177
90176
90179
90177
90180
90181
90181
90182
90184
90186
90190
90188
90191
243848
90204
90205
90218
90217
90219
242841
90221
90220
243757
244817
242795
89924
242808
242814
242816
242817
242818
242820
242825
242826
242835
242834
242837
242835
242838
242839
242847
242846
242848
242846
242850
242851
243512
243514
243515
243520
243521
243532
243531
243535
243534
243546
89901
243547
89901
243580
244646
243755
244700
243806
243805
243803
243801
243813
243811
243820
243821
243833
243834
243835
243836
243837
243838
243848
243844
244619
243841
244633
244632
244634
244632
244642
89940
244643
244642
244682
88980
244814
244698
244844
89966
244846
89963
245721
245725
88802
243785
88990
244669
89954
244656
89944
88812
88811
244679
244678
243783
88800
243794
89005
88826
88966
244687
88808
243783
88958
88960
244819
88963
88822
88971
244683
88804
243783
88969
88971
88970
88971
88984
88985
88987
88988
88989
88991
88993
88994
88995
88997
88998
89000
243797
243799
243800
243801
243803
243805
243806
243812
243817
89932
244639
244638
244637
244635
244634
244632
244631
244630
244628
244625
244619
243844
90193
89906
89905
89903
90202
88985
88987
88991
88993
88998
89000
88999
88998
89001
243795
243788
244672
244673
244674
244675
244677
244678
89002
89001
243791
88800
89005
243795
89887
89890
242820
242814
242808
243555
89917
89919
243824
243580
243810
89009
89007
243795
89895
89896
89897
89898
89899
243545
243547
89903
89897
89896
89898
89897
89902
89903
89903
243547
89921
243832
243834
90183
244619
89923
243827
244634
89927
89926
243827
89936
244642
89939
89938
90167
89944
244659
89954
89954
244659
89960
89963
89966
89968
245725
245733
244823
245738
89965
89967
89968
90156
89938
90167
89938
244648
244649
244651
244652
244654
244655
244656
90169
90173
244627
90170
244638
90174
90175
244632
90175
244632
90177
244632
90179
90177
90180
90181
90182
90183
90181
90182
90184
90183
90190
90188
90187
243838
244623
90176
90173
90191
90193
90202
89902
90204
90203
90197
90218
242841
242843
242844
242845
242848
243514
243512
90219
242841
90221
90220
242483
242820
244698
244814
242795
89924
243819
242808
242813
242814
242816
242814
242818
242820
242825
242826
242828
242829
242830
242832
242834
242835
89879
90226
242850
242835
242834
242837
242835
242838
242837
242847
243514
242848
243514
242850
242849
242851
242849
243512
243514
243514
243512
243520
243521
243525
90209
243532
243534
243536
243537
89895
243535
243534
243533
243531
243530
243529
243546
243545
243544
243547
243545
243580
243824
243755
244700
87828
243806
243807
243808
243812
243813
243811
243806
243819
89923
242795
89912
89910
89908
89907
89906
90197
243820
89930
244637
243833
243834
243835
243834
243837
243835
243848
89903
244619
90183
244627
90176
244633
244632
244634
244632
244642
244641
244639
244643
244642
244682
88812
88974
88816
88822
88961
88960
244814
244700
244844
244843
89965
244846
89963
245721
244833
88975
88974
245738
244821
244823
88802
243785
88812
88811
88826
88966
88958
88960
88969
88971
88970
88971
88984
88985
88985
88987
88991
88993
88998
89000
88999
88998
89001
243795
89002
89001
89005
243795
89887
89895
89896
89897
89896
89898
89897
89902
89903
89903
243547
89921
243832
89923
243827
89927
89926
89936
244642
89939
89938
89944
244659
89954
244659
89960
89963
89965
89967
90156
89938
90167
89938
90169
90173
90170
244638
90174
90175
90175
244632
90177
244632
90179
90177
90180
90181
90181
90182
90184
90183
90190
90188
90191
90193
90197
243542
89897
90202
89902
90204
90203
90209
243527
90218
242841
90219
242841
90221
90220
244698
242795
89924
242808
242813
242816
242814
242818
242820
242825
242826
242835
242834
242837
242835
242838
242837
242847
243514
242848
243514
242849
242851
242850
242849
242851
242849
243512
243514
243514
243512
243520
243521
243529
243530
243532
243534
243535
243534
243544
243545
243546
243545
243547
243545
243580
243824
243755
244700
243806
243807
243813
243811
243819
89923
243820
89930
243833
243834
243835
243834
243837
243835
243848
89903
244619
90183
244627
90176
244633
244632
244634
244632
244642
244641
244643
244642
244682
88812
244814
244700
244844
244843
244846
89963
245721
244833
245738
244821
POSITION: BOTTOMRIGHT 245739 83389
83389
238583
84375
240510
84493
240508
83284
88826
245739
88958
238582
239491
239491
239617
239617
239491
240508
239620
83284
240510
84491
240512
239617
241648
241525
243755
244700
87707
243636
86591
244814
244698
242591
238583
83284
239619
83389
238583
84375
240510
84491
240510
239490
84493
240508
86591
243636
88826
88958
245739
238582
239491
239491
239617
239617
239491
240508
239620
240510
84491
240512
239617
241525
241648
241648
241525
242591
243757
244817
243755
244700
244814
244698
83284
83389
239486
239490
84375
240510
84491
240639
84493
240508
83284
86591
242593
88826
88958
88960
244819
245738
238582
239491
239486
83389
239490
239491
238582
239617
239491
240508
239620
240510
84491
240512
240510
240639
84491
241525
241648
241648
242595
242591
244698
244814
242593
241650
242595
241648
243755
244700
87828
242591
88961
88960
244814
244700
245738
83284
83389
239486
239490
84375
240510
84491
240639
84493
240508
86591
242593
88826
88958
88960
238582
239491
239486
83389
239490
239491
238582
239617
239491
239620
240509
240508
239620
240510
84491
240512
240510
240639
84491
241525
241648
241648
242595
241650
242593
242591
244698
242593
241650
242595
241648
243755
244700
244814
244700
245738
POSITION: GABLE 83389 237323
82303
238447
83213
83214
83214
83213
83260
83259
83261
237602
83275
83400
83389
238583
82188
83394
83396
83396
83395
83400
83399
83414
83415
83415
83414
83428
84335
83439
83441
83441
83439
83460
83462
83461
83462
83462
83461
84280
236641
84297
84298
83462
84300
84298
84301
84298
84314
237642
237640
84317
238393
84327
84325
84335
237617
84375
83284
84589
84590
84590
84589
84601
84603
84603
84601
84606
84607
84607
84606
84610
237709
84611
84613
85384
237711
85398
237345
236642
238329
238684
84288
238358
237637
236600
237637
236639
83483
236641
236642
236642
236641
236657
237336
237336
236657
237378
83462
237578
82187
237602
83261
237604
237602
237617
238415
238414
237637
237639
237639
237637
237640
237641
237643
237643
237642
237652
84303
237661
84577
84578
84286
237661
84303
237667
84578
237709
238330
238329
238357
237681
238358
84288
84578
238393
238395
238395
238393
238396
239435
238414
238415
238415
238414
238447
82303
238582
239491
238635
238407
238650
237652
238651
237652
238684
239435
238396
239463
84347
84346
239479
239491
239617
239617
239491
238599
84346
239620
83284
239617
239445
82187
237579
238583
82303
238447
83213
83214
83214
83213
83259
83261
83260
83259
83261
237602
83275
83400
83284
239619
83389
238583
83394
83396
83395
83396
83396
83395
83399
83400
83400
83399
83414
83415
83415
83414
83428
84335
83439
83441
83441
83439
83460
83462
83461
83462
83462
83461
83483
236639
84280
236641
84286
84287
84578
84297
84298
84298
84297
84289
84286
84300
84298
84301
84298
84314
237642
84317
238393
84325
238405
238406
84327
84325
84335
237617
84346
84347
239464
239465
84375
239490
84589
84590
84590
84589
84601
84603
84603
84601
84606
84607
84607
84606
84610
237709
84611
84613
85384
85398
237345
238329
238684
238329
84288
237637
236600
237637
236639
83483
236641
236642
236642
236641
236657
237336
237336
236657
237378
83462
237578
82187
237602
83261
237604
237602
237617
238415
237637
237639
237639
237637
237640
237641
237643
237642
237652
84303
237661
84303
237667
84578
237681
237709
238330
238329
238357
237681
238358
84288
238393
238395
238395
238393
238396
239435
238407
83433
238414
238415
238415
238414
238447
82303
238582
239491
238599
238596
238595
238594
238635
238407
238650
237652
238651
237652
238684
239435
238396
239445
239463
84347
239479
239491
239617
239617
239491
238599
84346
239620
239617
239445
82187
82303
238447
83213
237648
237643
83214
237648
83259
238433
83408
239485
83260
237602
82316
83261
238433
83275
237587
83284
238455
83389
239486
83394
83396
83395
239490
83396
83394
83399
83400
83400
83399
83414
238433
83415
83428
84336
83439
83236
83441
238401
239435
83460
237379
83461
237379
83462
237379
83483
83483
237681
84259
84259
84280
84279
84286
84578
84297
84298
84301
84302
84303
84298
84297
84289
237355
237351
84300
84303
84301
84298
84303
237661
84577
84578
84314
84558
84317
237636
84325
239435
84327
83237
84335
83243
84336
83428
84346
84347
239463
239465
84375
83284
84558
238650
84578
84577
84589
237348
237347
237342
237338
84590
237342
84601
237338
84603
237336
84606
237327
237710
84607
84608
84610
85385
84610
84608
84611
84610
84613
85385
85398
237345
236642
238329
238684
238358
84288
84578
239445
83238
85385
237323
237343
237345
237343
84288
82188
83445
236600
237637
238403
238404
236639
83483
236641
237351
236642
237345
236657
236654
237341
84591
237323
85385
237336
237333
236660
237338
237341
237351
237355
237378
237379
237379
237377
82187
237578
82187
237587
238448
238590
237602
82316
237604
237602
237617
84336
237637
238396
237639
237637
237640
237636
237643
237648
237652
84309
238650
237661
84303
237667
84578
84285
237351
237681
237709
238330
237710
238330
238329
238357
237681
238358
238393
238395
237637
238395
237637
238396
237637
238404
238403
238407
83433
238414
239445
238415
238414
238447
82303
238455
82293
238582
239491
238590
83395
238599
83402
238593
238635
84327
238650
84558
238651
84558
238684
239435
238396
239445
238414
239463
84347
239465
238612
84346
239479
238590
239485
239486
83389
239490
83395
239491
238582
239617
239491
83396
84346
239620
239445
239456
84346
82187
82188
82293
238455
82303
238447
82316
237600
83213
237648
83214
237648
83236
83237
84333
83237
83236
83238
239445
83243
237411
83259
238433
83260
237602
83261
238433
83275
237587
83284
238455
83389
239486
83394
83396
83395
239490
83396
83394
83399
83400
83400
83399
83414
238433
83415
83428
84336
83433
83432
83439
83236
83441
238401
83445
83460
237379
83461
237379
83462
237379
83483
83483
84259
84259
84279
237352
237355
84280
84279
84286
84578
84297
84298
84298
84297
84300
84303
84301
84298
84303
237661
84314
84558
84317
237636
84325
239435
84327
83237
84335
83243
84336
83428
84346
84347
84375
84558
238650
84578
84577
84589
237348
84590
237342
84591
237341
84601
237338
84603
237336
84606
237327
84607
84608
84610
84608
84611
84610
84613
85385
85398
237345
238329
238684
238358
85385
237343
237343
84288
83445
236600
237637
236639
83483
236641
237351
236642
237345
236657
236654
236660
237333
237323
85385
237336
237333
237338
237341
237351
237355
237377
237379
237378
237379
237379
237377
82187
82187
237578
82187
237587
238448
237602
82316
237604
237602
237617
84336
237637
238396
237639
237637
237640
237636
237643
237648
237652
84309
237661
84303
237667
84578
237681
237709
238330
237710
238330
238329
238357
237681
238358
238393
238395
238395
237637
238396
237637
238404
238403
238407
83433
238414
239445
238415
238414
238447
82303
238455
82293
238582
239491
238590
83395
238593
83402
83409
238599
83402
238635
84327
238650
84558
238651
84558
238684
239435
238396
239445
238414
239463
84347
239465
238612
239479
238590
239485
239486
83389
239490
83395
239491
238582
239617
239491
239620
83396
84346
239620
239445
POSITION: TOPLEFT 237323 78729
78730
78729
83510
83166
84610
237709
84611
84613
85384
237711
238329
231067
231068
237709
238330
238329
78729
78730
83166
235257
83510
83166
84610
237709
84611
84613
85384
238329
238329
231067
231068
237709
238330
238329
78729
78730
230432
78729
83166
235257
83510
84259
84259
82413
81304
80199
79085
237710
84610
85385
84610
84611
84610
84613
85385
238329
85385
237323
230432
231067
231069
235257
83166
237323
85385
237709
238330
237710
238330
238329
78729
78730
79085
80200
81304
83166
235257
83510
84259
84259
82413
84610
84611
84610
84613
85385
238329
85385
231067
231069
235257
83166
237323
85385
237709
238330
237710
238330
238329
POSITION: TOP 78729 77746
77716
77713
77717
77713
77744
77736
77735
77747
232376
77860
77858
77857
231390
78769
231386
231394
78769
231394
78773
231396
78776
78774
78773
232201
232198
232196
232195
232194
232193
232191
232190
232189
232187
79036
79038
79046
232169
232166
232165
231421
231426
78786
232196
79037
79039
79040
79046
79042
79038
79032
78781
78782
232192
232194
79045
79038
79046
79038
79051
79052
79053
79055
231419
79052
79053
79065
77876
77877
231392
231390
231383
231387
231385
231389
231386
231392
231394
231408
231410
231412
79055
231409
231410
231413
231412
231419
79054
79053
231425
231427
231426
232166
79049
79048
232172
232173
79044
79041
79038
232170
232172
232171
232172
232173
79044
232174
231403
232190
232189
77732
77735
77742
77744
232376
77747
232381
232383
77862
77735
232205
78788
79064
77853
77713
77714
77716
77716
77713
77717
77713
77744
77736
77747
232376
77853
77857
77858
77859
77861
77863
77864
77865
77866
77868
77869
77871
77860
77858
231386
78769
231394
78773
231396
78776
78774
232201
78786
79037
79039
79042
79038
79045
79038
79046
79038
79051
79052
79052
79053
231383
231387
231385
231389
231386
231392
231394
231408
231410
231409
231410
231413
231412
231419
79054
231425
231427
231426
232166
79049
232170
232172
232171
232172
232173
79044
232174
231403
232190
232189
77732
232376
77747
232381
232383
232205
79064
77853
77713
77714
77716
77716
77714
77711
77717
77715
77713
77744
77745
77745
232380
232382
77739
77735
77731
232395
77747
232378
232380
77853
77857
232382
77860
77861
77863
77864
77865
77866
77868
77869
77869
232391
232389
232388
232387
232385
232384
77742
231383
231384
231385
231384
78767
78768
231391
231390
78769
231397
231394
231386
78773
78774
78776
78777
232187
78776
78774
78788
232206
232207
232214
232215
232187
79036
79036
232187
79037
232183
78776
79042
79043
232169
232166
232165
231421
231426
79045
79043
79046
79043
79051
79052
79053
79055
231419
79052
79053
79065
78768
78771
231394
232221
232222
231383
231384
231385
231384
231387
231388
231388
231390
78769
78768
231389
231394
78768
231390
231394
231392
78773
78772
231397
231394
231397
231408
231410
231412
79055
231409
231410
231413
231412
231419
79055
231425
231427
231426
231427
232166
79049
231406
231404
231403
231402
231400
231399
231397
232170
232172
232173
232174
232176
232178
232179
232180
232182
232183
232171
232172
232173
232172
79048
79049
232174
232176
232190
232191
232193
232194
232195
232196
232198
232203
232207
232215
232214
232222
232221
232219
77881
77871
232376
232378
232381
232383
77862
77735
232210
77853
77853
77857
77711
77714
77713
77714
77716
77714
77717
77715
77742
232384
77744
77745
77745
232380
77747
232378
77853
77857
232382
77860
77861
77869
232391
77871
77872
232399
232210
232207
231384
78769
231397
78773
78774
78776
78774
78788
232187
79036
232187
79037
232183
79042
79043
79043
79045
79045
79043
79046
79043
79051
79052
79052
79053
78768
78771
232221
231383
231384
231385
231384
231387
231388
231388
231390
231389
231394
231390
231394
231392
78773
231394
231397
231408
231410
231409
231410
231413
231412
231419
79055
231425
231427
231426
231427
232166
79049
232170
232172
232171
232172
232173
232172
232174
232176
232190
232191
232215
232214
232222
232221
77881
77871
232376
232378
232381
232383
232210
77853
77853
77857
POSITION: TOPRIGHT 77746 83389
77744
77747
232376
77858
77857
79969
234461
81083
236406
83389
238583
82188
237451
236534
83394
83395
83284
77742
77744
232376
77747
232381
233305
77853
234337
78959
234459
234339
233424
234459
78959
78962
235384
234457
235507
235510
235510
80081
235511
80083
236406
235512
236532
236409
236534
237451
237578
82187
238582
239491
239491
239491
83284
77744
77747
232376
77853
233304
78960
234460
77857
77858
77858
78959
234459
78962
234335
79969
234461
80081
80082
79971
80083
235511
81083
236406
82187
237579
238583
83284
83389
238583
83394
83395
83395
239490
232376
77747
232381
233305
77853
233424
234339
234337
78959
234339
233424
234457
235383
234459
78959
78962
235384
234457
235507
235510
235510
80081
235511
80083
235512
236406
236406
235512
236409
236532
236532
236409
236534
237451
237578
82187
238582
239491
239491
239491
77744
77745
77745
232380
232382
77747
232378
232380
77853
233303
77857
232382
77742
78959
234459
78962
234461
79969
234461
80081
235510
80083
235511
81083
236406
82187
237450
239485
83284
238455
83389
239486
83394
83395
239490
83394
83284
232376
232378
232381
233303
77853
233305
77853
233424
234336
234336
233424
234337
234338
234338
77857
234339
233424
234457
235384
234459
78959
234461
78962
233304
235384
234457
235507
235510
235510
80081
235511
235512
235512
236406
236406
235512
236409
81085
81191
236532
236409
236534
237451
82188
237450
82187
237578
82187
237452
238455
82293
238582
239491
83395
239485
239486
83389
239490
83395
239491
238582
239491
77742
77744
77745
77745
232380
77747
232378
77853
233303
77857
232382
78959
234459
78962
234461
79969
234461
80081
235510
80083
235511
81083
236406
81191
81190
82187
237450
82188
237451
82293
238455
83284
238455
83389
239486
83394
83395
239490
83394
232376
232378
232381
233303
77853
233304
78960
233305
77853
233424
234336
234336
233424
234337
234338
234338
77857
234339
233424
234457
235384
234459
78959
234461
78962
235384
234457
235507
235510
235510
80081
235511
235512
235512
236406
236406
235512
236409
81085
236532
236409
236534
237451
237450
82187
237452
82187
237578
82187
238455
82293
238582
239491
83395
239485
239486
83389
239490
83395
239491
238582
239491
