POSITION: BOTTOM 38884 202086
183507
40022
41518
187050
187684
42299
44597
44954
47226
47991
49121
49481
43450
43448
44597
43450
188713
43805
189764
44597
44954
44954
44597
45748
192188
46097
192857
49120
196965
196317
47989
194919
45746
44954
49481
49120
52861
52862
51751
51751
51402
52862
52863
201048
50280
198005
183507
183507
187050
41518
189764
43805
190140
190140
43805
191818
45747
192188
45748
191817
192857
46097
193230
47990
196317
195946
195289
196317
47989
197340
198008
198005
50279
198379
199042
198008
197340
198380
199041
201048
199042
198379
199395
50624
52525
51402
40022
41518
41517
43450
43448
44597
43450
188713
43805
189764
44597
44954
44954
44597
45747
192189
45748
192188
46097
192857
49120
196965
49481
49120
51751
50624
201048
51402
201048
51751
51402
52862
52863
201048
183507
187050
41518
189764
43805
190140
43805
191817
45747
191818
45747
192188
45748
192857
46097
195289
196317
195946
195289
196317
47989
197340
198008
198005
50279
198008
197340
198380
199041
199042
198379
199395
50624
40022
41517
187049
187685
41517
38884
41517
187049
43448
188710
43450
188713
43805
189764
44597
43806
44954
45747
45747
191817
45748
192188
201418
52861
46097
192857
192189
45747
49120
49482
197341
198007
50280
49481
197341
50280
198007
49480
49121
47991
193230
46097
50624
199394
51402
51751
51751
51402
52861
202087
52862
52863
52863
202085
201419
52525
183507
187050
187684
42299
187685
187049
188710
43448
189764
43805
190140
190140
43805
191817
45747
191818
45747
192188
45748
191817
192857
46097
195289
47990
193230
195946
48337
196316
196316
48337
47989
196317
196965
196965
49120
49481
197340
198008
198005
50279
198379
199042
198008
50281
198380
199041
199041
198380
199042
198379
199394
50624
199395
50624
52525
183507
38884
40022
41517
41517
41517
187049
42299
187684
43448
188710
43450
188713
43805
189764
43806
189763
44597
43806
44954
45747
45747
191817
45748
192188
46097
192857
47989
196317
49120
49482
49481
197341
50280
198007
50281
198008
196315
47991
49480
50624
199394
51402
51751
51751
51402
52525
52861
202087
52862
52863
52863
202085
183507
187050
187684
187685
187049
188710
43448
189764
43805
190140
43805
191817
45747
191818
45747
192188
45748
192857
46097
195289
47990
195946
48337
196316
48337
196317
196965
196965
49120
197340
198008
198005
50279
198008
50281
198380
199041
199041
198380
199042
198379
199394
50624
199395
50624
POSITION: BOTTOMRIGHT 201406 202086
52848
52849
52850
52856
52861
52862
52862
52858
52856
52863
52851
52856
201405
52536
52532
52527
52525
201406
201407
201408
202095
202094
202093
52855
52527
52862
52858
52863
201405
201406
201407
52534
201411
201412
201413
201414
201416
201417
201418
52861
202096
52852
52855
52527
52527
201414
52855
52861
202087
202088
201415
52530
52862
52863
52863
202085
201419
52525
52531
52535
201405
201405
52536
52532
52527
52525
201406
201407
201408
202095
202094
202093
52855
52525
52531
52527
201414
52530
52531
52861
202087
52862
52863
52863
202085
201405
201406
201407
POSITION: GABLE 39232 201406
39232
183902
43465
41502
44939
44612
189082
45761
191830
191151
46082
193216
49465
196978
202103
202101
52848
183901
185627
41503
43463
189082
43463
189083
44612
191151
191830
191830
45761
192869
45761
192870
46083
193901
193216
46082
191831
44938
43465
193901
46083
193902
193216
194934
47211
46889
196303
48005
196304
196977
49466
196977
49466
196978
49465
200054
50608
201069
201404
201069
202104
201399
201404
201405
201406
201407
39232
183902
41502
43465
43463
189082
43465
41502
44939
44612
45761
191830
46082
193216
46083
193901
46889
47211
48005
197326
51419
49465
196978
49466
196977
50608
200054
183901
185627
41503
189082
43463
189083
44612
191151
191830
191830
45761
192869
45761
192870
46083
193216
46082
193901
46083
193902
193216
194934
47211
196303
48005
196304
196977
196977
49466
196978
49465
200054
50608
201069
201069
201399
201404
201405
201406
201407
183902
39232
39232
183902
41502
42315
43463
43463
41503
43465
42315
44939
44612
189082
45761
191830
191151
46082
193216
46083
193901
48005
198021
50608
46889
47211
47211
46889
48005
198021
49465
197326
49466
51417
50608
198021
51417
51736
201405
201404
52541
183901
183902
185627
189082
43463
189083
44612
191151
191830
191830
45761
192869
45761
192870
46083
193216
46082
191831
44938
44613
43790
193901
46083
193902
193216
194934
48005
196303
48322
196304
48322
196977
197326
196978
196302
48005
197326
198021
200054
50608
201399
201404
201405
201406
201407
39232
183902
41502
42315
41503
43463
43463
41503
43465
42315
43790
44613
44939
44612
45761
191830
46082
193216
46083
193901
46889
47211
47211
46889
48005
198021
48322
196302
49465
197326
49466
50608
198021
51417
51736
52541
201404
183901
183902
185627
189082
43463
189083
44612
191151
191830
191830
45761
192869
45761
192870
46083
193216
46082
193901
46083
193902
193216
194934
48005
196303
48322
196304
48322
196977
197326
196978
196302
197326
198021
200054
50608
201399
201404
201405
201406
201407
POSITION: BOTTOMLEFT 39232 38884
39232
183902
38894
38891
38885
183901
38894
38885
38891
39232
183902
183901
38894
38885
183912
183910
183909
183908
183906
183905
183904
183902
39232
39232
183902
38894
38891
38885
38884
183901
183902
38884
183912
38885
183912
39232
183902
183901
183902
POSITION: TOPLEFT 184572 39232
39217
39232
183902
183877
184572
183901
184572
39217
39217
39232
183902
183877
184572
183901
184572
39217
183902
39232
39217
39218
39218
183877
39232
183902
184566
183877
39218
183901
183902
184566
184564
184562
184572
39218
184569
184572
39217
39218
39218
183877
39232
183902
183877
39218
183901
183902
184562
184563
39221
39220
184571
184572
184566
184564
184572
39218
POSITION: TOP 184572 52833
39217
185649
42328
188026
42621
42621
188026
44626
43777
189060
188748
48016
48016
195979
48310
196283
50595
199359
201084
201385
52835
52833
52835
183877
184572
184572
39217
188748
189060
194223
194954
198041
50595
194954
194223
191131
196283
48310
50596
201084
199359
39217
185649
42621
188026
44626
43777
48016
48016
195979
50595
199359
50596
198041
52833
52835
183877
184572
184572
39217
188748
189060
191131
194223
194223
194954
194954
194223
196283
48310
201084
199359
39217
39218
39218
183877
43779
42621
188026
42328
43779
41490
40357
44626
46070
193197
194223
44625
43777
189060
188748
48016
195979
48310
196283
196999
49148
50595
198040
50596
199360
200072
49148
52835
52833
52835
52835
52833
183877
39218
184572
39218
184569
184572
43779
188748
189060
191131
44625
194223
46070
194954
195254
195254
48017
196283
48310
50596
200072
199360
201084
51430
39217
39218
39218
183877
42328
187720
42621
188026
43779
41490
44626
46070
44625
48016
195979
48017
195254
50596
50595
198040
50596
199360
49148
51430
200361
201385
52835
52833
52835
52835
52833
183877
39218
39220
184571
184572
184572
39218
188748
189060
191131
44625
194223
46070
194954
195254
195254
48017
196283
48310
200072
199360
201084
51430
POSITION: TOPRIGHT 52833 201406
201084
201385
52545
52546
201389
201069
201404
201069
201084
201389
201391
201399
201398
52543
201394
52548
201404
201405
201406
201407
52545
52548
201069
201069
201084
201389
201391
201399
201398
201404
201405
201406
201407
52545
52546
201389
52548
201405
201404
52541
201084
201389
52546
201399
201398
201404
201405
201406
201407
52545
201385
52541
201404
52548
52543
201084
201389
52546
201398
201397
201399
201398
201404
201405
201406
201407
