POSITION: BOTTOM 221282 85306
221665
85307
221665
79776
79776
228483
221666
73067
76438
78652
228483
78652
221665
73067
221666
79776
228483
74204
228483
78652
POSITION: BOTTOMRIGHT 239272 239246
88651
88652
89148
89150
239265
89153
89154
89156
89160
89165
89165
89160
88632
239274
239271
238815
239274
239246
238839
239271
88632
88651
88652
89148
89150
89165
89160
238815
239274
238839
88632
239246
238839
239271
238811
238815
88632
88651
239275
89148
88004
89165
239246
238815
238811
238839
239246
239246
239248
238836
238834
239254
238831
89158
89156
89152
239266
239266
239264
239262
239260
239258
239256
239255
239253
239251
239250
89166
239246
239271
238812
239274
239271
88004
239268
88632
88651
239275
89148
88004
89165
239246
238815
238811
238839
239246
239246
239248
239266
239264
239271
238812
POSITION: GABLE 221691 239272
70861
71324
221249
70861
75813
225336
76920
77564
77564
76921
225334
77565
78668
78028
77565
81365
80907
83568
234124
88651
221252
221249
221691
221695
221695
223718
73085
224298
74223
73087
224299
74223
224772
75329
225327
225334
75812
76455
77566
228459
225336
75813
76454
74223
75329
74224
225821
225336
226377
226858
76454
226858
226377
76454
228459
77566
228942
228458
229519
79148
229951
80260
232603
230531
230974
230974
80907
232603
80261
79149
232034
231549
232603
80907
232605
82472
82015
234124
84203
239271
238815
239271
71324
221249
70861
73085
223718
74223
73087
74223
74224
75329
225336
75329
225336
75813
225336
76454
75813
76920
77564
77564
76921
77565
78028
77565
78668
78028
79148
228943
79149
80261
81366
80907
81365
81365
80907
82015
82472
83568
234124
84203
234124
82014
88651
221252
221249
221691
221695
223718
73085
224298
74223
224299
74223
224772
75329
225327
225334
75812
225336
75813
74223
75329
225821
225336
226377
226858
76454
226858
226377
76454
228458
228942
228459
77566
228942
228458
229519
79148
229951
80260
230531
230974
230974
80907
231549
81365
80261
232034
231549
232603
80907
232605
82472
234124
84203
238815
239271
71324
221249
73085
74224
76456
228943
73087
74223
74223
224298
74224
75330
76454
75329
74224
75813
76454
76454
226378
77566
76920
77564
77564
76921
225334
77565
78028
77566
76455
78028
77565
79149
80261
81366
78668
78028
79148
228943
79149
80261
80907
81365
232603
81365
80907
81366
80260
82015
82472
82472
82015
83568
83106
82014
84203
234124
82014
238815
88651
221694
221252
221249
221691
71323
221694
223718
73085
224298
74223
224299
74223
224772
75329
225327
225334
75330
225336
75329
74223
76454
225821
76454
225327
226377
76454
77564
226858
226377
76454
228458
78027
76456
228459
229952
80260
228942
228458
76456
228943
79148
229519
79148
229951
80260
232603
230531
230974
230974
80907
232603
231549
81365
83106
232034
231549
232603
80260
232605
82472
234124
84203
238815
239271
239271
71324
221249
73085
74224
73087
74223
74223
224298
74224
75330
75329
74224
75813
76454
76454
226378
76455
75812
76920
77564
77564
76921
77565
78028
77566
76455
78028
77565
79149
78668
78028
79148
228943
79149
80261
80260
230530
232603
80907
81365
81365
80907
81366
80260
82014
84204
82015
82472
82472
82015
83568
83106
84203
234124
239268
88651
221252
221249
221691
71323
221694
223718
73085
224298
74223
224299
74223
224772
75329
225327
225334
75330
225336
75329
74223
76454
225821
76454
225327
226377
76454
77564
226858
226377
76454
228458
78027
228459
229952
228942
228458
228943
79148
229519
79148
229951
80260
230531
230974
230974
80907
231549
81365
83106
232034
231549
232603
80260
232605
82472
234124
84203
238815
239271
POSITION: BOTTOMLEFT 221691 221282
70861
71329
71333
71338
71339
71340
221281
221283
71324
221249
71326
70861
221252
221249
221283
221281
221661
221283
221280
71340
221673
221675
71958
221685
221257
71326
221688
221687
221685
221691
221695
221695
221665
221277
71340
71324
221249
71326
70861
221252
221249
221283
221281
221661
221283
221673
221675
221688
221687
221691
221695
71324
221249
71326
71329
71333
71338
221273
221274
221276
221278
221665
221663
221283
71946
221694
221252
221249
221283
221663
221666
221277
71340
221661
71946
221673
221269
71335
71333
221688
221687
221684
221691
71323
221694
71324
221249
71326
71329
71340
221277
221665
71946
221661
221661
221666
221252
221249
221283
221663
221661
71946
221673
221269
221684
221683
71958
221672
71950
221688
221687
221691
71323
221694
POSITION: TOPLEFT 221213 221691
70206
70209
70210
70868
70864
70863
70861
221249
221245
221243
221240
221238
221235
221233
221230
70210
70861
221249
221695
71320
221707
221709
221710
221713
221716
221718
221721
221721
221718
221715
221712
221710
221708
221705
221703
221701
221699
221697
221695
71309
221726
70206
70209
221249
70861
221249
221695
221721
221718
221726
71309
70206
221216
221723
71313
71313
221720
221220
70207
221249
221245
221243
221240
221238
221235
221233
221230
221728
221230
221233
221237
221239
221242
221244
71322
221694
221249
71323
221245
221694
71322
221243
221721
221223
221226
221712
221710
221708
221705
221703
221701
221699
221726
70876
221728
71309
221728
70206
221216
70207
221220
221719
221717
70876
70875
71313
221720
221249
221230
221233
221249
71323
221694
71322
221699
221701
71319
71314
221721
221223
221726
70876
221728
POSITION: TOP 221213 238779
73544
224258
74241
74677
76904
76904
227384
228418
82456
82456
233618
84656
84220
235201
234646
81347
224258
73544
227384
228418
232557
233618
82456
81347
235201
234646
233129
236251
236239
235687
236251
236708
236708
236251
236720
85766
238777
237767
86441
237274
238777
85344
236238
239312
238777
73544
224258
74241
74677
76904
227384
82456
81347
82456
82456
233618
84656
84220
224258
73544
227384
228418
81347
232557
232557
233129
233618
82456
235201
234646
233129
236251
235687
236239
236238
85344
236239
235687
236251
236708
236708
236251
236720
85766
237274
86441
238777
237767
86441
238777
85344
239312
238777
73544
221728
74241
74677
74677
225297
75796
75796
226338
76904
76472
81347
82456
233118
81347
233118
84656
84220
70876
221728
224258
73544
221728
226338
75796
227384
77581
231509
231511
231511
231508
232557
232557
232557
232557
232556
233129
233129
233618
82456
233129
233129
235201
84220
236708
235687
236239
236238
85344
238777
236239
235687
236251
236708
236708
236251
236720
85344
237274
86441
238777
237767
238777
238777
86441
239312
238778
70876
73544
74241
74677
74677
225297
75796
226338
76472
226896
76904
76472
81347
82456
233118
84220
235201
84656
84220
87546
85344
236238
70876
221728
224258
73544
226338
75796
227384
77581
231511
231508
232556
232557
232557
232557
232557
232556
233129
233129
233618
82456
233129
233129
235201
84220
235687
236239
236238
85344
236239
235687
236251
236708
236708
236251
236720
85344
237274
86441
237767
238777
238777
86441
238778
239312
239312
238778
POSITION: TOPRIGHT 238779 239272
238271
87536
87997
238809
88651
88652
88654
239289
239292
238792
87991
87990
238784
238777
238271
87544
238787
238790
238793
238795
238797
238800
238802
238805
238807
239277
239274
239271
238777
238784
87990
238809
238807
238250
238791
238789
238815
239274
239278
238806
238803
238801
238798
238796
87992
238791
239271
88654
239285
88654
239312
238777
87536
87997
88651
88652
238777
238271
87544
238777
238784
87990
238789
238791
238795
238809
238807
238815
239274
239271
88654
239285
88654
239312
238777
87536
87997
238809
238811
238815
88651
239275
239278
238806
238803
238801
238798
238796
87992
238791
238784
238777
238777
238777
238271
238777
238784
87990
87991
238793
238795
238797
238800
238802
238805
238807
238810
238789
238792
238795
238791
238789
238809
238807
238250
238791
238810
238807
238815
238811
238808
238806
239271
238812
238808
239285
239282
239279
239276
239274
239271
239312
238778
87546
87536
87997
88653
239279
88651
239275
238777
238271
238777
238778
239312
238784
87990
238789
238792
238791
238789
238809
238807
238810
238807
238815
238811
239271
238812
239285
239282
239312
238778
