POSITION: BOTTOMLEFT 259050 261783
259050
259576
259576
259787
259576
259789
260607
260816
261098
261306
259787
259577
258715
261306
261098
261581
261305
261099
259050
259576
259787
259576
259789
259787
259577
261099
261306
261306
261098
261581
261305
259050
259576
259788
260607
260816
261098
261306
259787
259576
258715
261099
261305
261581
261306
261098
261581
261305
259050
259576
259788
259787
259576
261099
261305
261306
261098
261581
261305
POSITION: BOTTOM 261783 262103
261625
262058
262059
262065
261770
262060
262061
262065
262070
262071
262074
262078
262082
262084
262088
262090
262093
262098
262099
262101
262101
262098
262097
262095
262232
262236
262248
262252
262230
262234
262236
262242
262238
262248
262250
262252
262252
262248
262254
262252
262240
262236
261625
261625
261770
262065
262058
262059
262060
262061
262070
262071
262095
262097
262101
262098
262099
262101
262098
262230
262234
262236
262238
262244
262252
262242
262238
262248
262250
262252
262248
262254
262252
261625
261612
261610
261765
261765
261771
261610
261612
261625
261765
261766
261766
261765
261762
261758
261756
261751
261749
261770
261772
261771
261772
261772
261771
262058
262059
262065
261770
262060
262061
262065
262070
262071
262074
262078
262082
262084
262088
262092
262092
262088
262095
262101
262103
262098
262099
262101
262101
262099
262103
262102
262232
262236
262248
262252
262230
262234
262232
262238
262236
262242
262240
262248
262236
262252
262250
262248
262254
262077
261762
261766
261625
261612
261612
261610
261610
261765
261765
261771
261610
261612
261625
261749
261750
261754
261756
261760
261762
261765
261766
261766
261765
261770
261772
261771
261772
261772
261771
262058
262059
262060
262061
262070
262071
262092
262088
262095
262101
262098
262099
262101
262099
262102
262103
262103
262102
262230
262234
262232
262238
262236
262240
262236
262242
262240
262248
262236
262252
262250
262254
262077
POSITION: BOTTOMRIGHT 262103 259098
259209
259738
259214
259213
259212
259738
260153
260153
259738
261625
261254
262099
262101
262101
259209
259738
259212
259213
259214
259213
259738
260153
260153
259738
261254
261625
261625
261254
262101
262099
262101
258663
259209
259211
259212
259213
259214
259212
259213
259214
259213
259738
260153
260153
260264
260264
260154
259737
259626
261254
261625
261625
261254
262101
262103
262099
262101
262101
262099
262103
262102
259209
259211
259212
259213
259214
259213
259214
259738
260153
260153
260264
260264
260154
261254
261625
261625
261254
262101
262099
262101
262099
262102
262103
262103
262102
POSITION: GABLE 259098 259050
258687
259068
259050
259576
259068
259067
258701
259098
258662
259099
258551
259209
259214
259213
259212
259217
259218
259219
259223
259220
259221
259225
259226
259227
259228
259232
259222
259221
259219
259223
259225
259225
259226
259228
259227
259231
259229
259232
259228
259233
259232
259238
259239
259242
259588
259240
259239
259237
259241
259239
259242
259246
259244
259246
259245
259246
259246
259247
259248
259253
259247
259246
259250
259253
259252
259253
259253
259254
259256
259576
259255
259787
259576
259789
259588
259242
259787
259577
258715
258687
259068
258701
259066
259050
259576
259068
259067
259098
258662
259099
258551
259209
259212
259213
259214
259213
259217
259218
259220
259221
259222
259221
259223
259225
259225
259226
259228
259227
259229
259228
259231
259229
259232
259228
259233
259232
259237
259239
259238
259239
259240
259239
259241
259239
259242
259246
259244
259246
259245
259246
259246
259247
259247
259246
259250
259253
259252
259253
259253
259254
259255
259787
259576
259789
259588
259242
259787
259577
258687
258686
259080
258676
258701
259066
259067
259071
259074
259075
259050
259051
259053
259053
259054
258703
258701
259067
259068
259067
259075
259074
259098
259099
259099
259098
258663
258550
259209
259211
259212
259213
259214
259215
259615
259212
259213
259214
259213
259217
259215
259220
259219
259215
259222
259223
259223
259222
259225
259226
259227
259228
259234
259228
259227
259229
259228
259231
259230
259228
259232
259228
259233
259236
259068
259234
259228
259237
259239
259242
259588
259781
259238
259239
259240
259239
259598
259241
259239
259242
259239
259244
259246
259245
259246
259246
259247
259248
259255
259247
259248
259250
259253
259255
259252
259253
259253
259248
259255
259248
259576
259788
259588
259244
259242
259615
259215
259787
259576
258715
259609
259222
259626
259099
258676
259080
258687
258686
258701
259066
259050
259051
259053
259054
259068
259067
259075
259074
259098
259099
259099
259098
259209
259211
259212
259213
259214
259213
259215
259214
259217
259215
259220
259219
259222
259223
259223
259222
259225
259226
259228
259227
259229
259228
259231
259230
259232
259228
259233
259236
259234
259228
259237
259239
259238
259239
259240
259239
259241
259239
259242
259239
259244
259246
259245
259246
259246
259247
259247
259248
259248
259247
259250
259253
259252
259253
259253
259248
259255
259248
259576
259788
259588
259244
259615
259215
259787
259576
POSITION: TOPLEFT 259050 255821
256417
256417
256795
256796
256796
256795
257006
257008
257006
257008
257006
257584
257583
259050
259576
259256
259576
259255
259576
259577
258715
258159
257011
256791
256417
256417
256791
257011
256795
256796
256796
256795
257006
257008
257006
257384
257584
257583
259050
259576
259255
259576
259577
256417
256418
256418
256792
257011
256791
257011
256795
256796
256796
257586
257006
257384
257008
257384
257011
257383
257383
257011
257384
257009
256792
257583
257384
257584
257950
257586
257384
259050
259051
259255
259255
259255
259576
259576
258715
258500
258159
257011
256417
256418
256418
256792
256791
257011
256795
256796
256796
257006
257008
257384
257011
257383
257383
257011
257384
257009
257583
257584
257950
257586
257384
259050
259051
259255
259576
259576
POSITION: TOP 255821 255143
255145
255146
255147
255152
255786
255788
255793
255797
255801
255803
255808
255811
255146
255145
255144
255142
255151
255147
255142
255161
255160
255162
255160
255171
255167
255165
255635
255638
255642
255636
255638
255637
255638
255642
255641
255789
255790
255793
255792
255793
255794
255793
255797
255801
255798
255799
255801
255800
255801
255802
255801
255803
255801
255806
255807
255808
255811
255809
255808
256206
256244
256214
256217
256219
256222
256237
255771
255659
255143
255144
255142
255146
255145
255146
255146
255145
255151
255147
255160
255641
255161
255160
255162
255160
255165
255167
255171
255167
255635
255638
255636
255638
255637
255638
255641
255160
255642
255641
255789
255790
255792
255793
255794
255793
255797
255801
255798
255799
255800
255801
255802
255801
255803
255801
255806
255807
255811
255809
256206
256222
256223
256237
256238
256242
256244
256244
255142
255147
255152
255786
255788
255793
255797
255801
255803
255808
255810
256214
255145
255146
255147
255146
255147
255151
255147
255160
255641
255163
255161
255163
255165
255171
255173
255162
255163
255163
255165
255165
255167
255171
255171
255167
255173
255171
255635
255638
255642
255636
255638
255637
255638
255641
255160
255642
255641
255789
255790
255793
255792
255793
255794
255793
255797
255794
255798
255797
255800
255799
255797
255802
255801
255803
255808
255806
255807
255808
255811
255809
255808
256206
256205
256222
256219
256217
256214
256237
256238
256242
256242
256241
256239
256244
256244
256214
256418
256418
256222
256229
256241
255142
255147
255145
255146
255146
255147
255151
255147
255160
255641
255161
255163
255162
255163
255163
255165
255165
255167
255171
255167
255173
255171
255635
255638
255636
255638
255637
255638
255641
255160
255642
255641
255789
255790
255792
255793
255794
255793
255797
255794
255798
255797
255800
255799
255802
255801
255803
255808
255806
255807
255811
255809
256205
256206
256206
256205
256222
256219
256229
256231
256233
256237
256238
256239
256242
256241
256242
256242
256241
256244
256244
256418
256418
256222
256229
256241
POSITION: TOPRIGHT 255143 259098
255145
255146
255147
255146
255145
255144
255142
255147
255142
256248
256375
256837
256836
256963
256961
256960
256836
256836
256837
256371
256837
256836
256960
256961
256965
256963
256965
256963
259098
258662
257535
257424
256956
256366
256254
255771
255659
255143
255144
259099
258551
257535
259209
259214
259213
259212
255142
255146
255145
255146
255146
255145
255147
256248
256248
256371
256838
256375
256837
256836
256836
256836
256837
256837
256836
256960
256961
256965
256963
256965
259098
258662
259099
258551
259209
259212
259213
259214
259213
255142
255147
255145
255146
255147
255146
255147
255147
256248
256248
256371
256838
256836
256375
256838
256841
256837
256838
256836
256373
256836
256836
256838
256370
256837
256838
256841
256838
256960
256961
256962
256964
256965
256965
256965
256965
259098
259099
259099
259098
258663
258550
258107
257538
257422
259209
259211
259212
259213
259214
259212
259213
259214
259213
259626
259099
255142
255147
255145
255146
255146
255147
255147
256248
256248
256370
256838
256371
256838
256373
256375
256838
256837
256836
256836
256838
256837
256838
256841
256838
256960
256961
256965
256965
256965
257422
256958
256843
256368
259098
259099
259099
259098
259209
259211
259212
259213
259214
259213
259214
