POSITION: BOTTOM 246127 267887
250768
106377
262109
261035
106377
246126
249717
251827
102399
253982
104107
104694
254627
255054
105254
255717
254628
255054
255717
105254
255718
105254
256127
106377
261035
106377
262109
261035
250768
102399
251827
104694
104106
106377
256127
249717
253982
104107
254627
255054
254628
255054
255717
105254
255718
105254
256127
106377
262109
261035
97243
248237
98375
102399
102399
251827
104694
104106
106377
256128
106377
106377
99538
251827
102399
253982
104107
254627
255054
105254
255717
254628
255717
105254
255718
105254
256127
106377
256128
106377
106377
262109
97243
98375
97825
99538
98970
248237
102399
102399
251827
104106
104694
104107
104694
104694
104106
105254
255054
106377
106377
99538
251827
102399
253982
104107
254627
255054
254628
255717
105254
255718
105254
256127
106377
256128
106377
262109
POSITION: BOTTOMRIGHT 115150 267887
266827
267468
115767
115768
115773
115775
267903
267905
267452
267908
267909
114628
115150
115149
267440
266848
114645
114643
114642
114641
266839
266386
266388
267441
267444
267444
267446
267446
267444
267449
267908
267906
267904
267903
267909
267908
267913
267923
267915
267923
114628
115150
115149
266388
266386
114639
266842
266848
266848
114645
267444
267446
267446
267444
267449
267908
267909
267908
267913
267923
267915
267923
114628
115150
267442
267440
266388
266387
266836
114639
266842
266848
114645
114643
114642
114641
266839
266386
267444
266856
267446
267442
267449
267451
267453
267904
267456
267458
267459
267461
267462
267464
266831
266390
267909
267908
267453
267913
267923
267915
267923
114628
115150
267442
266846
266845
266843
266386
266388
266388
266387
266390
266831
266848
114645
266856
115149
267444
266856
267446
267442
267449
267451
267909
267908
267913
267923
267915
267923
POSITION: GABLE 96070 115150
99516
99516
97845
100149
99516
100656
251385
102923
97845
102923
250793
102924
252936
103564
104089
254604
255080
104712
105233
105233
104712
105855
107485
107485
105855
108110
258851
108111
106988
257166
108583
109203
108584
109677
261008
267909
109203
260412
109676
261007
110762
261490
111367
111842
264239
112928
264722
115150
96070
246099
246096
246092
97845
250793
102923
251386
102923
252450
252936
252936
102924
253525
253525
102924
253526
255080
254604
255690
105233
256154
105853
106356
256756
257165
255691
257165
106356
257166
106988
257767
106987
258244
258849
108111
258851
108110
258243
262562
261007
261491
261008
109677
261009
109677
261490
110762
261491
261007
262080
110761
262082
262564
262562
262564
263163
263644
263644
263162
264239
112454
263644
264722
112928
266366
266848
267446
267446
267449
267909
267913
267915
97845
99516
99516
97845
100149
99516
100656
251385
102923
250793
102924
252936
103564
104089
104712
255080
105233
104712
105855
107485
106356
105853
107485
105855
108110
258851
108111
106988
262562
108583
109203
108584
109677
109203
260412
110761
110283
110762
261490
111367
111842
112928
264722
115150
246099
246096
250793
102923
251386
102923
252450
252936
252936
102924
253525
102924
253526
255080
254604
255690
105233
255691
256155
256154
105853
256756
257165
255691
257165
106356
257166
106988
257767
106987
258244
258849
108111
258851
108110
261007
261491
261008
109677
261009
109677
261490
110762
261491
261007
262080
110761
262082
262564
262562
262564
263162
263644
263163
263644
263644
263162
264239
112454
264722
112928
266366
266848
266848
267446
267446
267449
267909
267913
267915
246095
99516
97845
99516
99516
99516
97845
100149
102923
100656
102923
102923
101786
251849
102924
253525
103564
104089
104713
105854
104712
255080
105233
104712
105854
104713
254006
105855
106987
106356
105853
104713
106987
257768
108111
107485
105855
108110
258851
108111
106988
110761
262080
108583
259327
108584
109676
261007
109203
108583
110761
110283
110762
261490
111367
111842
264239
114028
112928
264722
114028
111368
262563
115150
96070
246099
246096
246092
97845
97845
250793
102923
251386
102923
251849
101786
252450
101786
102924
103565
104088
104713
252936
102924
253525
102924
253526
254006
104713
105233
105854
255080
104712
255690
105854
255691
256155
256154
105853
256155
105853
256756
105853
255691
104713
257165
256756
257166
106988
257767
106987
258244
258849
108111
258851
108110
259327
108583
109677
106988
261007
109676
261008
109677
261009
109677
108584
261490
110762
261491
261007
262080
110761
262082
262564
262562
111368
262563
111368
262564
262081
263162
263644
114028
263163
114028
263644
112454
114028
264239
112454
264722
112928
114028
266366
114028
266371
266848
267446
267449
267909
267913
267915
246095
97845
99516
99516
100149
102923
100656
102923
101786
251849
102923
101786
102924
253525
103564
104089
104712
255080
105233
104712
106987
105853
256154
104713
105854
104713
105855
106987
106356
105853
106987
257768
106988
108111
107485
105855
108110
258851
108111
106988
110761
108583
259327
108584
109676
109203
108583
109677
108584
110283
110761
110761
110283
110762
261490
111367
111842
112928
264722
114028
111368
115150
246099
246096
250793
102923
251386
102923
251849
101786
252450
101786
102924
252936
102924
253525
102924
253526
254006
104713
105233
255080
104712
255690
105854
255691
256155
256154
105853
256155
105853
256756
105853
255691
257165
256756
257166
106988
257767
106987
258244
258849
108111
258851
108110
259327
108583
106988
261007
109676
261008
109677
261009
109677
261490
110762
261491
261007
262080
110761
262081
262564
262082
262564
262562
111368
262563
111368
262564
262081
263162
263644
263163
114028
263644
112454
264239
112454
264722
112928
266366
114028
266371
266848
267446
267449
267909
267913
267915
POSITION: BOTTOMLEFT 96070 246127
96072
96656
96073
96077
96078
96079
246116
246120
246122
246125
246126
246128
246128
246124
246119
246116
96072
96656
246128
246124
96072
96656
96073
96077
96078
246110
246112
246116
246120
246122
246124
246128
246128
246552
246552
246128
96072
96656
246128
246552
246552
246128
POSITION: TOPLEFT 246618 96070
95556
246091
95544
246075
94884
94881
246060
246060
94880
94882
94884
95547
95544
96070
246099
246096
246092
95544
246618
246061
94881
95556
246091
246060
94880
246099
246096
246618
246061
95556
246616
246612
96059
96059
95552
246095
95544
246075
246071
246060
246063
246065
246068
246070
95550
95549
246077
95546
95544
96070
246071
246074
95545
246099
246096
246092
95544
246618
246615
246612
95545
246074
95552
246606
95556
246616
96059
95552
246095
246060
246063
246071
246074
246099
246096
246618
246615
POSITION: TOP 246618 267409
95556
251885
246060
261526
246060
246618
246061
247675
248171
251885
251348
259890
258814
260447
266333
112912
95556
261526
262593
112912
246060
246618
246061
247675
248171
251348
251885
251885
251348
258814
259890
260447
266333
112912
95556
112912
266333
246060
246618
247675
96695
248171
96695
100165
251348
100165
251885
251348
259360
258814
259890
260447
111381
264205
264756
112468
265270
266333
112912
267412
266883
266883
267412
267412
95556
96695
97204
100165
112912
266333
246060
246618
247675
96695
248171
96695
100165
251348
100165
251885
251348
258814
259890
260447
111381
264205
265270
265270
266333
112912
266883
266883
267412
267412
POSITION: TOPRIGHT 267409 115150
115150
115149
267440
267437
267435
267938
267942
267948
267954
114662
266333
266366
266361
266863
266869
266871
266872
266872
266875
266878
266879
266879
114016
267421
267424
267427
267429
267432
267434
267436
267439
267441
267444
114662
267444
267446
267446
267444
267913
267923
115143
267960
114662
267915
267923
267414
115150
115149
266333
266366
266361
266872
266875
266879
114016
114662
267444
267446
267446
267444
267913
267923
267915
267923
266333
115150
267442
267440
267437
267435
267433
267430
114656
267425
267423
267962
114660
267417
114662
267415
267415
266333
266366
266872
266876
266878
266879
267412
266879
266883
266883
266879
267412
267412
267415
267444
266856
267446
267442
267913
267923
115143
267960
114660
267915
267923
266333
114662
267415
115150
267442
267414
266333
266366
266856
115149
266872
266876
266879
266883
266883
266879
267412
267412
267415
267444
266856
267446
267442
267913
267923
267915
267923
