POSITION: BOTTOM 209101 69057
60459
213905
61532
213905
62598
214247
215239
217883
218878
68701
67629
218878
64741
215239
69057
69057
58280
209101
209419
61214
61532
209101
209419
210378
59369
213905
60459
209419
218878
67629
59369
210378
60459
213905
61532
213905
62598
214247
68701
67629
69057
209101
209419
210378
59369
213905
60459
218878
67629
59369
210377
60457
60459
211352
213905
61532
61214
209419
62598
62598
66572
217216
68701
69057
220823
220824
209101
59037
209419
60458
213905
210378
59369
60457
213905
60458
217216
217883
218878
218878
217883
220824
69056
69057
59037
209418
59369
210377
60457
211350
60459
211352
61532
61214
62598
68701
69057
220823
209101
59037
209419
60458
210378
59369
60457
213905
60458
217216
217883
217883
66570
218878
218878
217883
220824
69056
POSITION: BOTTOMRIGHT 220158 69057
220160
69039
69043
69048
69053
69057
69057
69053
68720
220839
220836
220835
69044
69047
69051
69052
69053
220160
220160
68715
220840
69039
69043
69057
69053
68720
220160
220160
68715
220840
220168
220170
69039
220841
69057
220823
220824
68720
220839
220836
220835
220834
220832
220831
220830
220829
220828
220170
220160
68715
220170
220168
220824
69056
69057
220840
220840
220168
68715
69039
220841
69057
220823
68720
220160
68715
220170
220168
220824
69056
220840
POSITION: GABLE 208451 220158
61231
212333
62580
212989
211336
63652
217200
64452
64725
64725
64452
65783
65511
216890
216186
67644
218894
220160
208451
208452
208454
209117
209116
209115
209118
209116
210365
210366
210366
211035
211035
210366
211336
212989
212333
61231
212991
63653
215221
213298
63370
214915
63370
213923
215221
63653
214230
213923
215222
63654
216186
216890
217200
65512
63652
218894
67644
68720
220839
220836
220158
220160
220160
220840
61231
212333
62580
212989
63370
214915
63652
217200
63654
215222
64452
64725
64725
64452
65783
65511
67644
218894
208451
208452
209117
209116
209118
209116
210365
210366
210366
211035
211035
210366
211336
212989
212333
61231
212991
63653
213298
63370
213923
214230
214915
63370
215221
63653
215222
63654
216186
216890
217200
65512
218894
67644
68720
220158
220160
220160
220840
61231
212027
62580
212989
211336
63370
214915
63652
65512
217200
63654
215222
64452
64725
64725
64452
65783
65511
216890
216186
67644
66585
220841
208451
208452
208454
58266
208452
209117
209116
209115
209118
58265
58266
210365
210366
210366
210365
211035
210366
211336
212027
212027
61231
212333
61231
212991
63653
215221
215879
213298
63654
213923
213295
214915
63654
215221
63653
215222
63654
215879
215221
216186
216890
217200
65512
218894
66584
68720
220839
220836
220158
67915
66585
220160
220840
220840
61231
212027
62580
212989
63370
214915
63652
65512
63654
215222
64452
64725
64725
64452
65783
65511
66584
217898
66585
217899
63652
67644
66585
220841
208451
208452
209117
209116
209118
58265
210365
210366
210366
210365
211035
210366
211336
212027
212027
61231
212333
61231
212991
63653
213295
62294
213298
63654
213923
213295
214915
63654
215221
63653
215222
63654
215879
215221
216186
216890
217200
65512
218894
66584
68720
220158
67915
220160
220840
POSITION: BOTTOMLEFT 208451 209101
208451
208452
208454
208455
208456
208457
208459
208460
208461
58276
58277
58279
58280
209101
209101
209117
209116
209115
209113
209112
209111
58272
208460
209118
209116
208451
208452
209101
209117
209116
209118
209116
208451
208452
208454
58268
209112
209111
209101
59037
209111
58269
58267
58266
208452
209117
209116
209115
209113
209112
209118
58265
58266
59037
208451
208452
209101
59037
209111
58269
209117
209116
209118
58265
POSITION: TOPLEFT 208420 208451
58261
209123
208443
208442
208433
208429
208425
208422
208420
209140
58250
208422
208425
208447
208445
208443
208448
208445
208451
209117
209118
58261
209123
208420
209140
208422
208425
208447
208445
208448
208445
208451
209117
209118
58261
209123
208443
208442
208433
208429
208425
208422
208420
208420
209139
209136
208422
208420
208447
208445
208443
208448
208445
208451
209117
209118
209136
208422
58261
209123
208420
209139
208422
208420
208447
208445
208448
208445
208451
209117
209118
209136
208422
POSITION: TOP 208420 68732
208422
208420
209140
58250
209379
211313
208422
209379
211313
211313
212050
62307
214938
63639
212050
213271
214938
215901
216162
65771
67904
220136
220860
68732
63639
214938
208420
209140
208422
209379
211313
211313
212050
212050
213271
215901
216162
220860
68732
208422
208420
63639
63383
208420
209139
208422
208420
208422
209379
59338
211313
60149
212050
62307
62567
214207
214937
213273
61501
214937
214207
215901
63640
220860
68732
59338
59067
60149
211061
61501
213273
63383
214937
213271
63639
63383
63640
63384
68732
69022
208420
209139
208422
208420
208422
209379
59338
211313
60149
212050
62307
214937
214207
215901
63640
220860
68732
POSITION: TOPRIGHT 68732 220158
220160
220148
220150
220152
220154
220154
68720
220839
220836
220158
220160
220160
220840
220154
68720
220158
220160
220160
220840
68731
67905
220841
220843
68722
220846
220848
220850
220854
220154
68720
220839
220836
220158
220160
220840
68724
220850
220850
220848
220845
68722
68721
220840
68731
220854
220841
220154
68720
220158
220160
220840
68724
220850
220848
