POSITION: BOTTOMLEFT 177213 184753
177040
177214
179168
179341
181489
182396
182566
183500
183669
184581
177041
177213
179168
177042
177212
177212
178102
178102
178103
178274
179170
179339
180250
180250
179339
184751
184581
183669
184751
184752
184751
184753
184752
177040
177214
177041
177213
177042
177212
177212
178102
178102
178103
180250
179339
184581
183669
184751
184752
184751
184753
184752
177040
177041
177041
177040
177042
177044
177212
178102
178102
178103
178274
179170
179339
180250
180250
180251
180421
181319
181488
182397
182565
182565
182397
182565
184751
184581
184753
184751
184752
184753
184753
184752
184751
177040
177041
177041
177040
177042
177044
177212
178102
178102
178103
180250
180251
180253
178273
178102
182565
182397
184581
184753
184751
184752
184753
184753
184752
POSITION: BOTTOM 184753 183535
183500
183669
184581
182431
182528
183536
182430
182530
183515
182530
182431
183515
183533
183532
183641
183646
184599
184594
184588
184751
183535
183534
183641
183536
182528
183643
183641
183649
183647
183646
184581
183669
184595
184597
184599
183644
183643
184598
184600
184601
184601
184598
184751
184589
184594
184752
184751
184753
184752
183515
182530
182431
183515
183533
183532
183535
183534
183536
182528
183643
183641
183649
183647
184581
183669
184595
184597
184598
184600
184601
184598
184751
184589
184752
184751
184753
184752
182430
182530
183535
182530
182430
183515
183512
183508
183504
183533
183532
183641
183646
184599
184594
184588
184751
183535
183536
183536
183530
183641
183643
183646
183649
183650
183651
183653
184594
184581
184753
184595
184594
184598
184601
184601
184598
184751
184586
183661
183660
183659
183655
183654
183653
184752
184753
184753
184752
184751
184589
184594
182530
182430
183515
183512
183533
183532
183535
183536
183536
183530
183643
183646
183649
183650
184581
184753
184595
184594
184598
184601
184601
184598
184751
184586
184752
184753
184753
184752
POSITION: BOTTOMRIGHT 183535 176017
175085
177177
178136
178136
177177
178137
178239
180385
181354
181455
182431
182528
183536
179304
180385
179310
180285
180386
181353
181456
182430
182530
182530
182431
183533
183532
183535
183534
183536
182528
175085
177177
178136
178136
177177
178137
178239
180280
179304
180385
179310
180285
180386
182530
182431
183533
183532
183535
183534
183536
182528
175085
175088
177074
176016
176018
177074
177177
178136
178136
177177
178137
178239
180385
178242
179304
180284
180385
179310
180285
180386
181353
181456
182430
182530
183535
180385
179204
178239
182530
182430
183533
183532
183535
183536
183536
183530
175085
175088
176018
176015
177074
177177
178136
178136
177177
178137
178239
178242
179304
180284
179310
180285
180386
180385
179204
182530
182430
183533
183532
183535
183536
183536
183530
POSITION: GABLE 176017 177213
175085
176012
176010
176009
176138
176137
176133
176142
176143
176143
176144
176144
176145
176145
176144
176141
176140
176139
176137
177040
177214
177041
177213
177042
177212
177212
178102
178102
178103
175085
176009
176010
176012
176010
176133
176137
176138
176137
176142
176143
176143
176144
176144
176145
176145
176144
177040
177214
177041
177213
177042
177212
177212
178102
178102
178103
175085
175088
176009
176010
176012
177074
176012
176010
176133
176137
176139
176140
176141
176144
176145
176138
176137
176132
176127
176016
176018
176142
176143
176143
176144
176144
176145
176145
176144
177040
177041
177041
177040
177042
177044
177045
177046
177047
177049
177052
177055
177058
177193
176129
176127
177074
176012
177212
178102
178102
178103
175085
175088
176009
176010
176012
176010
176018
176015
176127
176133
176137
176138
176137
176142
176143
176143
176144
176144
176145
176145
176144
177040
177041
177041
177040
177042
177044
177074
176012
177212
178102
178102
178103
178102
POSITION: TOPLEFT 177213 172862
172862
172864
177040
177214
177041
177213
177042
177212
177212
172862
172864
177040
177214
177041
177213
177042
177212
177212
172862
172864
177040
177041
177041
177040
177042
177212
172862
172864
177040
177041
177041
177040
177042
177212
POSITION: TOP 172862 173010
171981
171982
171985
171983
171982
171985
171981
172862
172868
172869
172864
172868
172869
172868
172875
172877
172879
172877
172875
172879
172878
172883
173028
172885
171986
171985
172892
172889
171981
171982
171983
171982
171985
171981
172862
172868
172864
172868
172868
172869
172869
172868
172875
172877
172877
172875
172878
172879
172879
172878
172883
173028
172885
171986
172889
171981
172892
172889
171981
171982
171985
171986
172885
171983
171982
171985
171981
172862
172868
172869
172864
172869
172868
172869
172869
172868
172875
173032
172877
173034
172878
172879
172879
172878
173036
172883
173028
172885
171986
172889
172891
172891
172892
172892
172891
173028
172885
173034
172878
173036
172878
172886
172901
171981
171982
171983
171982
171985
171981
172862
172868
172864
172869
172868
172869
172869
172868
172875
173032
172877
173034
172878
172879
172879
172878
172883
173028
172885
171986
172886
172889
172891
172891
172892
172892
172891
172901
173028
172885
173034
172878
173036
172878
POSITION: TOPRIGHT 173010 176017
175085
174984
174040
173935
173935
174040
175085
174984
173935
174040
174040
173935
172901
175085
173935
176016
176018
172901
173009
173935
174040
174040
173935
175085
176018
