POSITION: BOTTOMLEFT 240984 248312
240744
240984
242066
244265
246017
246266
247044
247569
248313
248312
247569
248313
240744
240984
242066
248312
247569
248313
240744
240984
248312
247817
247816
248313
247816
248313
240744
240984
248312
247817
248313
247816
POSITION: BOTTOM 248312 246088
245255
246088
246087
246084
246080
246077
246209
246266
247044
247569
248313
248319
247809
247808
247803
247798
247595
247601
247604
247606
246836
246216
246213
246211
246209
246078
246080
245145
245268
246079
246080
245145
245148
245150
246051
246050
246085
246084
246209
246078
246212
246211
246213
246211
246237
246238
246238
246237
246244
246243
246804
246802
246834
247606
246845
246210
246846
246210
246849
246850
246850
246849
246846
246970
247746
246971
247600
247598
247595
247604
247601
247606
246836
247799
248332
247802
247798
248312
247569
248317
248316
248313
248332
247799
248333
248332
245145
245268
245145
245148
246801
247038
246050
246051
246051
246050
246085
246084
246209
246078
246210
246846
246212
246211
246213
246211
246237
246238
246238
246237
246243
246244
246244
246243
246804
246802
246834
247606
246845
246210
246846
246210
246849
246850
246850
246849
246970
247746
246971
247600
247598
247604
247601
247606
246836
247799
248332
247802
247798
248312
247569
248313
248316
248319
248317
248316
248332
247799
248333
248332
245148
245267
245265
245263
245262
245258
246088
245283
245280
245274
245145
245147
245147
245146
245148
245147
245274
245273
245272
245270
245269
246078
246080
246084
246087
246802
246804
246050
246231
246051
245292
246085
246084
246087
246084
246088
245258
246209
246078
246210
246845
246212
246211
246209
246213
246216
246836
246231
246228
246237
246238
246238
246822
246243
246244
246244
246243
246804
246802
246822
246238
246834
246833
246829
246836
246216
246845
246846
246210
246846
246845
246849
246846
246850
246849
246970
247746
246971
247600
247598
247595
247589
247587
247585
247584
247583
247582
247580
247577
247040
246800
247604
247603
247601
247595
247606
246831
247799
248333
247802
247803
247808
248320
248312
247817
247816
247815
248318
247811
247810
247808
248313
247816
248317
248316
248313
248320
247808
248332
248333
248333
248332
245148
245267
245145
245147
245146
245147
245147
245146
245148
245147
245274
245273
245292
246052
246802
246050
246231
246051
245292
246085
246084
246087
246084
246088
245258
246209
246078
246210
246845
246212
246211
246213
246216
246228
246226
246225
246224
246223
246222
246219
246213
246231
246228
246237
246238
246238
246822
246243
246244
246244
246243
246800
246262
246804
246802
246822
246238
246829
246833
246835
246831
246225
246834
246833
246836
246216
246845
246846
246846
246845
246849
246846
246850
246849
246970
247746
246971
247600
247598
247604
247603
247606
246831
247799
248333
247802
247803
248312
247817
248313
247816
248317
248316
248320
247808
248332
248333
248333
248332
POSITION: BOTTOMRIGHT 246088 237651
236719
239742
240908
243100
244189
245255
246088
246087
237651
236719
238667
238667
244191
236719
237651
236719
238667
241890
241992
244191
244088
243100
236719
237651
237650
238667
238779
238779
238667
241890
241992
241992
241891
240910
240810
244191
244087
246088
246087
246087
246088
236719
237651
237650
238667
238779
238779
238667
241890
240810
240910
241992
241891
244087
243102
242994
241992
244191
244087
246087
246088
POSITION: GABLE 237651 240984
236719
239742
237619
237619
237651
236719
237771
237769
237767
238667
237772
237773
237776
237780
237783
237785
237787
238642
237773
237775
237776
237774
237776
237775
237776
237778
237779
237783
237780
237779
237776
237781
237780
237830
237828
238637
238638
238639
238640
238641
238642
238638
238639
238642
238641
238643
238642
238667
237767
238828
238826
239704
238813
239897
239893
239892
239891
239889
239704
239903
239907
239905
239907
239907
239905
239904
239902
239899
239898
239893
240748
240747
240746
240744
240749
240748
240751
240750
240749
240919
240800
240951
240984
242066
239853
237619
236719
237619
237651
236719
237771
237769
237772
237773
237773
237775
237774
237776
237775
237776
237778
237779
237780
237779
237781
237780
237828
237829
237831
237830
237828
238637
238638
238638
238639
238642
238641
238643
238642
238667
237767
238813
239703
239701
239700
239699
239698
239696
239898
238826
239693
238828
238826
239704
238813
239853
239897
239893
239903
239907
239905
239907
239907
239905
240744
240746
240748
240747
240749
240748
240751
240750
240800
240801
240804
240919
240800
240951
240984
242066
239853
237790
236719
237619
237651
237650
237648
237646
236729
237771
237769
237767
237772
237773
237776
237780
237783
237785
237788
237791
237620
237773
237774
238653
238650
238647
238645
238643
238806
237774
237773
237775
237774
237778
237779
237783
237780
237779
237776
237781
237780
237790
237828
237829
237831
237830
237828
237831
237828
238637
238638
238639
238640
238641
238642
237787
237785
238638
238639
238642
238641
238643
238644
238645
238667
238779
238779
238667
238806
238803
238813
239703
239701
239700
239699
239698
239696
238825
238621
237811
238826
239693
239895
239893
238828
238616
239704
238813
238809
238803
239853
239893
239894
239898
239899
239902
239907
239897
239895
239903
239907
239905
239907
239907
239904
239902
240744
240745
240746
240747
240748
240749
240971
240965
241843
240748
240747
240749
240748
240751
240753
240754
240965
240800
239728
240919
240800
240951
240984
239924
239668
241843
240964
240970
240975
240915
240810
236719
236729
237646
237812
238617
238621
237619
237620
237792
237651
237650
237767
237769
238659
237771
237769
237772
237773
237773
237774
237774
237773
237775
237774
237778
237779
237780
237779
237781
237780
237790
237828
237829
237830
237828
237831
237828
238616
238617
238637
238638
238638
238639
238642
238641
238643
238644
238667
238779
238779
238667
238803
238806
238809
238806
238803
238813
239703
238826
239693
238828
238616
239668
238852
239704
238813
239728
240800
239853
239893
239894
239897
239895
239903
239907
239905
239907
239907
239904
240744
240745
240748
240747
240749
240748
240751
240753
240800
239728
240810
240915
240914
240919
240800
240951
240975
240753
240984
239924
241843
240964
240915
241860
POSITION: TOPLEFT 240984 237829
237830
240744
240984
237829
237831
237830
240744
240984
237829
237831
237830
237831
240744
240984
239924
239668
237829
237830
237831
239668
238852
240744
240984
239924
POSITION: TOP 237829 234475
233500
233499
233498
233501
233499
233504
233502
233498
233521
234441
234441
234443
234445
234443
234441
234445
234441
234453
234454
234458
233504
234475
234582
236609
236719
234588
234590
234589
234588
234590
234588
235684
235685
235685
236574
237619
235696
235701
236555
235697
235701
236549
236779
236555
235701
236760
236761
236763
236761
236760
236762
236761
236763
236760
236779
236549
237619
236574
237651
236719
237771
237769
237772
237773
237776
237780
237783
237785
237787
237773
237775
237776
237774
237776
237775
237776
237778
237779
237783
237780
237779
237776
237781
237780
237830
237828
238637
238638
238639
238638
238639
233498
233499
233500
233499
233501
233499
233504
233502
233521
234441
234441
234443
234443
234441
234445
234441
234453
234454
234475
234582
234588
234590
234589
234588
234590
234588
235684
235685
235685
236574
235696
235701
235697
235701
236549
236779
236555
235701
236574
237619
236719
236609
236760
236761
236761
236760
236762
236761
236763
236760
236779
236549
237619
236574
237651
236719
237771
237769
237772
237773
237773
237775
237774
237776
237775
237776
237778
237779
237780
237779
237781
237780
237828
237829
237831
237830
237828
238637
238638
238638
238639
233498
233499
233500
233502
233500
233499
234465
234591
234584
234475
233501
233498
234592
235527
235530
233502
233498
233497
233504
233502
233521
234447
234441
234445
234443
234445
234445
234447
234447
234445
234453
234454
234458
234461
234461
234460
234458
234475
234583
236609
234588
234589
234589
234590
234590
234589
235493
235497
235497
235498
235498
235497
235530
235528
234466
235684
235685
235685
236575
236576
236748
236743
236588
235696
235697
235701
236555
235697
235696
236549
236780
236555
236556
236559
236561
236563
236563
236561
236574
236575
236588
236743
237790
236609
235533
236719
236609
234582
234475
236760
236761
236763
236761
236762
236763
236762
236761
236763
236762
236779
236778
236780
236779
236777
237619
236574
237651
237650
237648
237646
236729
237771
237769
237772
237773
237776
237780
237783
237785
237788
237791
237620
237773
237774
237774
237773
237775
237774
237778
237779
237783
237780
237779
237776
237781
237780
237790
236743
237828
237829
237831
237830
237828
237831
237828
238637
238638
238639
237787
237785
238638
238639
238621
237811
237602
238616
233497
233498
233498
233499
233500
233499
233501
233498
233502
233498
233504
233502
233521
234447
234441
234445
234443
234445
234445
234447
234447
234445
234453
234454
234461
234460
234466
234592
234475
234583
234588
234589
234589
234590
234590
234589
235493
235497
235497
235498
235498
235497
235530
235528
235533
234582
235684
235685
235685
236575
235696
235697
235697
235696
236549
236780
236555
236556
236561
236562
236563
236561
236574
236575
236588
236743
236609
235533
236719
236609
236729
237646
236760
236761
236761
236762
236762
236761
236763
236762
236777
236779
236781
236778
236779
236779
236778
236780
236779
237602
237812
238617
238621
237619
236574
237620
237792
237651
237650
237769
237771
237769
237772
237773
237773
237774
237774
237773
237775
237774
237778
237779
237780
237779
237781
237780
237790
236743
237828
237829
237830
237828
237831
237828
238616
238617
238637
238638
238638
238639
238616
238852
POSITION: TOPRIGHT 234475 237651
234475
234582
236609
236719
237651
236719
234475
234582
236719
236609
237651
236719
234584
234475
234475
234583
236609
236609
235533
236719
236609
234582
234475
237651
237650
234475
234583
235533
234582
236609
235533
236719
236609
237651
237650
