POSITION: BOTTOMLEFT 205468 214963
206343
206342
206342
206343
206343
206507
209690
210602
209693
210598
212734
212910
213848
214025
214963
216080
216254
210602
209525
208624
210773
210599
211666
212734
215127
212909
211667
210600
206342
206343
206343
206507
208624
209525
209690
210602
209693
210598
210599
209692
210600
210772
211668
212909
210602
209525
210773
210599
211666
212734
215127
212909
206339
206505
206342
206505
206339
206507
206506
208624
208625
207579
207414
209690
209691
209691
210600
211670
209693
209694
210598
210598
210599
209692
210600
209691
210602
210770
210770
211669
211837
212736
212908
210773
210772
211666
211840
212733
212911
213847
214026
214962
216080
216254
212908
213849
215127
214965
215127
215127
214964
216256
216254
206339
206339
206342
206505
206339
206506
206507
206507
206506
207414
207579
208624
208625
209690
209691
209691
210600
209692
210599
209693
209694
210598
210599
209692
210600
209691
210602
210770
210770
211669
210772
210600
210773
210772
211666
211840
211835
212737
212908
212908
213849
214964
215127
215127
214964
216256
216256
216254
POSITION: BOTTOM 214963 212770
212910
213848
214025
214963
211818
212754
212743
212899
212754
212753
212771
211803
212872
212875
213877
213875
213874
213868
213865
214012
212876
213877
212899
212897
212895
212893
212892
212889
212887
212886
212885
212884
213874
213870
213868
214005
214007
214008
214011
214006
214008
214009
214008
214011
214008
214012
213866
213868
214014
214012
213867
213868
214981
214980
214978
214982
214981
214983
214981
215127
212909
212909
211818
212754
212743
212899
212754
212753
212771
211803
212872
212875
212876
213877
212884
212885
212899
212897
213874
213870
214005
214007
214006
214008
214009
214008
214011
214008
214012
213866
214014
214012
214978
214980
214981
214980
214982
214981
214983
214981
215127
212909
212740
212903
212899
212896
212736
212908
212911
213847
214026
214962
211818
212754
212743
212902
212754
211818
212771
211803
212872
212875
213877
213875
213873
213872
213868
213865
214012
212876
212877
213877
212884
212883
212882
212881
212896
213860
213859
213856
213855
213854
212899
212902
212904
212902
212899
212904
212902
212908
213849
215127
213854
213855
213858
212897
212895
212893
212892
212889
212887
212886
212885
212761
212766
213874
213870
213868
214005
214007
214008
214011
214006
214008
214009
214008
214011
214008
214012
213866
213868
214014
214015
214016
214965
215127
214978
214980
214981
214983
214981
214980
214982
214981
214983
214981
215127
214964
211804
212737
212908
211818
212754
212743
212902
212754
211818
212766
212767
212772
212771
211803
212872
212875
212876
212877
212881
212882
212884
212883
212896
213860
212899
212902
212902
212899
212904
212902
212908
213849
213854
213855
213874
213870
214005
214007
214006
214008
214009
214008
214011
214008
214012
213866
214014
214015
214964
215127
214978
214980
214981
214980
214982
214981
214983
214981
215127
214964
POSITION: BOTTOMRIGHT 212770 205439
212771
211803
211704
210736
210636
209654
209560
208589
208499
207544
207447
206469
212872
205438
206469
212771
211803
212872
205438
212771
211803
211704
210736
210636
209654
209560
208589
208499
207544
207447
206469
205438
212872
205438
206372
206470
207446
207545
208498
208590
209559
209655
210635
210737
211703
211804
212772
212771
211803
212872
POSITION: GABLE 205439 205468
205329
205327
205324
205330
204388
205331
204386
205450
205446
205444
205442
205452
205453
205454
205458
206345
206344
206343
206342
206342
206343
206344
206343
206507
205471
206469
205332
204386
205331
205438
206469
205471
205329
205327
205330
204388
205331
204386
205442
205441
205450
205446
205452
205453
206342
206343
206344
206343
206507
205471
205332
204386
204387
205470
205329
205327
205324
205330
205440
206368
205331
204386
205332
204387
205442
205441
205450
205447
206365
205452
205448
205444
205440
205470
206339
206505
206342
205466
205307
206344
206347
205457
205454
205453
206365
205447
206368
206369
205438
206505
206339
205471
206507
206506
207423
207419
207417
207579
207414
206469
205438
204386
204387
205470
205307
205306
205329
205327
205330
205440
205331
204386
205332
204387
205438
206372
206470
205441
205442
205444
205442
205441
205450
205447
205452
205448
205453
206356
205470
206339
205471
206339
206342
205466
206344
206347
206365
205447
206368
206369
206505
206339
206506
206507
206507
206506
207414
207579
207417
207418
207419
207423
POSITION: TOPLEFT 205468 204422
206507
205471
205298
205298
205471
206507
205471
205298
205470
205470
206339
206339
205471
206507
206506
205298
205470
204423
205470
206339
205471
206339
206339
206506
206507
206507
206506
POSITION: TOP 204422 202239
202260
202244
202245
202247
202247
202244
202260
203346
203188
203347
203348
203349
203351
203348
203347
203350
203347
203351
203347
205327
205324
204267
204388
204280
204386
205471
205298
203317
203214
202244
202245
202247
202244
202260
203188
203346
203214
203317
203346
203188
203347
203348
203348
203347
203350
203347
203351
203347
204267
204399
204280
204279
203318
203213
204386
205298
205471
205327
204388
204386
205471
202244
202245
202245
202244
202247
202260
202259
202257
202255
203188
203189
203191
203191
203192
202254
203214
203317
203346
203187
203347
203349
203351
203348
203349
203350
203349
203351
203349
204267
204265
203334
204280
204279
203318
203213
202239
204386
204387
204281
203318
205298
205470
205327
205324
204267
204386
204387
205470
205466
205307
205471
202239
202241
202244
202245
202245
202244
202247
202254
203192
202259
202255
202258
202260
202260
202259
203187
203345
203188
203189
203191
203192
203214
203317
203334
203332
204270
204272
204274
204276
204280
203346
203187
203347
203349
203348
203349
203350
203349
203351
203349
204267
204265
204280
204279
204386
204387
205298
205470
205307
205306
205302
204421
204423
205327
204386
204387
205470
205471
205466
POSITION: TOPRIGHT 202239 205439
205330
204388
204280
205331
204386
205332
203317
203214
203214
203317
204280
204279
203318
203213
204386
205331
205330
204388
205331
204386
203214
203317
205332
204280
204279
203318
203213
202239
204386
204387
204281
203318
205330
205331
204386
205332
204387
202239
202241
203214
203317
204280
204280
204279
204386
204387
205330
205331
204386
205332
204387
