POSITION: BOTTOM 186111 206589
41585
42721
188170
43383
43876
43876
43383
45682
191717
46165
194821
197441
47294
193790
47927
194823
48399
195386
49551
194821
52928
55149
56235
186111
187152
187581
188170
42721
187581
189204
189655
44531
190244
190244
44531
190688
45019
191268
191268
45019
192290
194821
193332
46810
193790
47294
194821
195386
48399
195852
49055
196417
196417
49055
194821
196866
50214
197441
194821
55800
200953
200497
50689
197910
56234
57922
56879
56236
55800
207062
57923
41585
42721
188170
43383
43876
43876
43383
45019
191268
45682
191717
46810
194821
47294
193790
47927
194823
49551
194821
50214
194821
52928
55149
56234
204994
56235
57922
186111
187152
187581
188170
42721
189204
189655
190244
44531
190688
45019
191268
45019
192290
194821
193332
46810
193790
47294
195386
48399
195852
49055
196417
49055
196866
50214
197441
194821
197910
50689
200953
200497
207062
57923
41585
42235
42235
41585
42721
188170
43383
188605
187581
43876
43383
45019
191268
45682
191717
46165
46165
192290
46810
192757
47294
194361
47927
194823
48399
195386
49551
196417
49055
195853
50214
196866
52929
52928
52929
52929
55149
55150
56234
56235
57922
186111
186556
187152
187581
187581
42721
186556
188170
42721
188605
188170
189204
189655
44531
190244
190244
44531
190688
45019
191268
45019
192290
46165
192757
46810
193332
46810
193790
47294
194361
47927
195386
48399
195852
49055
195853
49055
196417
49055
196866
50214
197441
197909
197909
197441
197910
50689
52929
200953
52458
57922
207062
206589
41585
42235
42235
41585
42721
188170
43383
188605
43876
43383
45019
191268
45682
191717
46165
192290
46810
192757
47294
194361
47927
194823
49551
196417
50214
196866
50689
198479
52928
52929
52929
56234
206590
55149
55150
55150
56234
56235
57922
186111
186556
186556
186111
187152
187581
187581
42721
186556
188170
42721
188605
188170
189204
189655
190244
44531
190688
45019
191268
45019
192290
46165
192757
46810
193332
46810
193790
47294
194361
47927
195386
48399
195852
49055
195853
49055
196417
49055
196866
50214
197441
197909
197909
197441
197910
50689
52929
200953
52458
206589
207062
207062
206589
POSITION: BOTTOMRIGHT 206574 206589
57270
57272
206579
207071
207070
57924
57922
207062
57923
57924
207077
57922
57924
207062
57923
207077
206575
207076
207074
207073
207071
207070
57922
206586
206584
207077
57270
57272
206579
206581
206582
207068
207067
207066
207064
57922
206584
206586
207062
206589
207070
207072
207073
206577
206576
206575
207077
206590
57922
206586
206575
206576
206578
206579
206584
206586
206589
207062
207062
206589
207070
207072
207077
POSITION: GABLE 186087 206574
186092
42247
44542
190233
191729
45008
47940
194838
48386
48386
194838
46824
49068
48387
47280
50226
199476
51804
51349
50226
51349
52471
200481
54015
54015
52912
186086
186086
186092
187597
42707
189190
190233
44542
190701
190701
191256
191729
192772
46153
193316
193806
193806
193316
49071
195362
195361
195371
48386
46824
195868
48387
196404
198961
198961
50226
199469
49534
199476
50226
52471
200481
52471
199959
50226
200969
52914
203997
203997
52914
203998
204538
204538
54690
52912
56218
205557
56221
204538
205558
56221
206568
206570
57270
207077
42247
42707
188154
44542
190233
45008
190701
191729
45008
46153
192772
46822
46824
48386
47280
194345
47940
194838
48386
194838
49071
196395
49534
50674
52472
52913
201503
54015
49068
50226
199476
51349
199476
51804
51349
51349
52471
200481
54015
52912
54690
52914
203997
54015
52912
56218
56218
186086
186092
187597
42707
189190
189190
189668
190233
44542
190701
190701
191256
191729
192772
46153
193316
193806
193806
193316
195361
195362
195362
195361
195371
48386
195868
48387
196404
196404
198961
198961
50226
199469
49534
199476
50226
52471
200481
52471
200969
52914
203997
52914
203998
204538
204538
54690
56218
205557
56221
205558
56221
206568
207077
42247
42706
42706
188151
42707
188153
44542
189668
45008
191256
191256
191256
191256
46153
192772
46822
46822
192772
46824
48386
47280
194345
47940
194838
48386
48386
195371
49071
48384
46823
44545
43862
188623
49534
51349
50226
50676
50676
198464
51349
51804
51349
52914
52471
200481
52912
54690
56219
52914
201504
54015
52912
56895
206575
207076
56218
56895
56219
54690
207083
207082
207080
207077
186086
187131
186086
186092
186571
186571
187131
187597
42707
43398
188151
42706
186580
188153
42707
41574
188623
43397
43863
44545
189190
189190
189190
189668
189668
190233
45005
46824
190701
190701
191256
191729
192772
46153
191251
44545
193316
46823
193806
193316
48385
49069
194345
47280
195361
195362
195362
195361
195371
48386
195868
48385
46824
196404
196404
198464
50676
198961
199469
50675
199476
51349
52471
200481
52471
199959
200969
52914
52912
201504
52914
203997
54689
203998
54689
55817
204538
56221
56894
57266
205557
56221
205558
56221
206568
206570
57270
206576
206575
207077
207084
207082
42247
42706
42706
188151
42707
188153
43398
42707
44542
189668
44545
46823
45008
191256
191256
191256
191256
46153
192772
46822
192772
46824
48386
47280
194345
47940
194838
48386
195371
49069
195869
49071
48384
49534
51349
50226
50676
50675
198463
52473
50676
198464
51349
51804
51349
52914
52471
200481
52912
54690
52914
201504
54015
52912
54689
203019
55817
56218
56895
56219
54690
56221
205558
186086
186092
186571
187131
187597
42707
188151
42706
188153
42707
188623
43397
189190
189190
189190
189668
189668
190233
45005
190701
190701
191256
191729
192772
46153
193316
46823
193806
193316
194345
47280
195361
195361
195362
195362
195361
195371
48386
195868
48385
196404
196404
198464
50676
198961
199469
50675
199476
51349
52471
199959
52471
200481
52471
200969
52914
52912
201504
52914
203997
54689
203998
54689
204538
56221
205557
56221
205558
56221
206568
206575
206576
207077
207084
POSITION: BOTTOMLEFT 186087 186111
41585
41584
186560
186561
186104
186103
186099
186097
186094
186092
186086
186086
186092
186094
186111
186557
186560
41585
41584
186086
186092
186094
186111
186557
41585
41585
186086
186086
186092
186094
186097
186101
186103
186562
186106
186110
186110
186559
186561
186563
41578
186566
186567
186569
186571
186111
186556
186571
186569
186556
186580
41574
186095
186097
41585
41585
186086
186092
186094
186110
186559
186111
186556
186556
186111
186571
186569
186556
POSITION: TOPLEFT 186062 186087
186062
186067
186077
186086
186063
186067
186086
186082
186076
186072
186067
186062
186067
186063
186067
186086
186082
186062
186062
186067
186077
186086
186063
186086
186082
186076
186072
186067
186580
186081
186076
186062
186067
186063
186086
186082
POSITION: TOP 186062 207099
44996
43407
187624
45704
46832
46832
45705
190730
47268
46141
190730
47271
46832
47951
48376
48376
47268
48377
47950
47270
46141
53594
202027
55123
55825
206073
56904
206550
186062
186067
186063
186067
186067
187624
189160
44555
190730
46141
197400
49526
47268
199451
198985
50665
50238
200455
51793
202027
53594
204513
55124
206073
55825
206549
206550
56904
44555
190730
44996
43407
45704
46832
46832
45705
47268
46141
47271
46832
47951
48376
48376
47268
50238
50665
48377
51793
199983
53594
202027
55123
55825
55124
204513
186062
186067
186063
186067
187624
189160
190730
46141
197400
49526
199451
198985
200455
51793
202027
53594
204513
55124
206073
55825
206549
206550
56904
44555
189697
43406
186599
186062
44996
43407
45704
46832
47271
47950
48377
46832
45705
47268
46833
192796
45704
47271
46832
47951
48376
48376
47951
50238
50665
50665
50238
49078
195889
51793
199983
53594
202027
201479
52903
51794
55123
55825
206073
56904
55124
204513
56904
56210
186062
186067
186063
186596
186067
41561
187624
190730
44995
195889
49078
197400
49526
199451
198985
50665
199983
51793
200455
52903
202027
201479
204513
55124
206073
56904
206549
56904
206550
41561
42697
43406
44996
186596
43407
44996
44555
189697
44995
191227
44996
43407
45704
46832
45705
46832
46832
45705
47268
46833
47271
46832
47951
48376
48376
47951
49526
49079
195891
50238
50665
50665
50238
49078
51793
199983
51794
52904
52903
200455
53594
202027
55123
55825
55124
204513
56210
56904
56904
56210
56903
186062
186067
186063
186596
187624
190730
44995
195889
49078
197400
49526
199451
198985
199983
51793
200455
52903
202027
201479
204513
55124
206073
56904
206549
56904
206550
POSITION: TOPRIGHT 207099 206574
57258
207077
207087
207087
207089
207090
207093
207096
207098
207100
207100
57258
207077
207087
207087
207089
207100
207076
207085
207083
207082
207080
207077
207098
207094
207092
207090
207089
207085
57258
57261
207092
207077
207087
207087
207084
207082
207100
207097
207094
207085
207098
207101
57258
57261
207077
207087
207087
207084
207100
207097
