POSITION: BOTTOM 16223 177334
16223
16641
17453
17453
163187
19871
165311
19065
164251
17862
163842
20263
165968
25883
171553
23903
23505
169098
168462
166358
20262
28671
27068
29897
28671
27067
172192
31067
29497
28260
172602
171152
24686
170129
169497
31871
31873
31874
177336
177334
177334
163187
17453
163842
17862
164251
19065
165968
20263
169098
168462
169497
170129
170129
169497
171553
25883
172192
172602
172602
28260
175684
176715
176715
176715
177334
16223
16641
17453
17453
163187
19871
165311
20262
166358
20263
165968
25883
23903
23505
27068
172601
28260
28671
27068
29897
28671
31067
29497
31871
31873
163187
17453
163842
17862
164251
19065
165968
20263
169098
168462
169497
170129
170129
169497
171553
25883
172192
172602
172602
28260
176715
177334
16223
16223
16641
16641
17453
17453
163187
19871
165311
19065
164251
17862
20262
166358
168462
20263
165968
25883
171553
23903
23505
169098
27068
172601
28671
29897
31066
176717
28671
27068
29897
28672
31067
28672
31871
31873
31874
177336
177334
163187
17453
163842
17862
164251
17862
165968
20263
168462
21478
21074
169098
23505
169497
170129
24686
171152
25882
170129
24686
171553
25883
172192
27067
28671
172602
28261
176715
176717
31871
177334
177336
16223
16223
16641
17453
17453
163187
17862
164251
19871
165311
20262
166358
20263
165968
21074
21478
25883
23903
23505
25882
171554
27068
172601
28261
27459
28671
27068
28672
31067
29897
28672
31067
28672
31871
31873
177336
163187
17453
163842
17862
164251
17862
165968
20263
168462
21478
169098
23505
169497
170129
170129
24686
171553
25883
172192
27067
172602
28261
176715
176717
31871
177334
177336
POSITION: BOTTOMRIGHT 177350 177334
31871
31873
31874
31886
31885
31883
177343
177342
177341
177340
177339
177337
177336
177334
31888
31889
177351
177334
177334
177351
31871
31873
31886
31885
31888
31889
177334
177351
31871
31873
31874
31875
31877
31878
31879
31881
31882
31883
31885
31885
177345
177343
177342
177341
177340
177339
177337
177336
177334
31886
177346
177345
31888
31889
177351
31883
177343
31876
177337
31871
177334
177336
177351
31890
31885
31871
31873
31885
177345
31886
177346
31888
31889
177338
177336
31883
31876
31871
177334
177336
177351
31890
POSITION: GABLE 16242 177350
16238
16238
16237
16242
16244
16625
162802
19049
165297
20248
165979
21462
21091
22680
23522
24703
25899
27443
175290
23521
23887
23887
23886
24703
23522
29513
175290
30726
175670
31888
31889
177355
177357
31892
177351
162805
162807
164936
19046
165297
19049
164933
165979
20248
22310
23520
170142
168448
22681
169482
169482
170143
24702
25897
26262
169483
170143
170142
23520
21463
167036
170516
24702
23522
171166
25898
171540
171540
25898
24703
174260
27443
175290
29513
27443
175670
30726
177351
177357
16238
16237
16242
16244
16625
162802
19046
164936
19049
165297
20248
165979
21091
21462
21462
21091
22680
23522
22681
168447
23521
23887
23886
23887
23887
23886
24703
23522
26262
25897
29513
175290
30726
175670
31888
31889
162805
162807
164933
19049
164936
19046
165297
19049
165979
20248
167036
166344
168448
22681
169482
169482
170143
169483
170143
170142
23520
170516
24702
171166
25898
171540
25898
174260
27443
175290
29513
175670
30726
177351
177357
16238
16238
16242
162807
162096
162097
162096
16625
162802
19046
19049
165297
20248
166344
21091
21462
21462
21091
22680
23522
24702
25897
22681
168447
23522
23521
23887
24703
25899
27443
29882
31050
23886
23887
23887
23886
24703
24703
23522
25897
24702
26262
25897
29513
175290
30726
175670
31050
29882
31888
31889
177355
177357
31892
177351
162097
162095
162805
162807
164234
164234
18692
164933
19049
164936
164935
165297
19049
165979
19050
17846
165986
166344
167036
167036
21463
23520
170142
168448
22681
22310
169482
23886
169483
170143
24702
170142
24701
170516
24702
171166
25898
171540
25898
24703
174260
27443
175290
29883
175670
29883
177351
31890
177355
16238
16242
162807
162096
16625
162802
17846
164237
18692
164234
19046
19049
165297
20248
166344
21091
21462
21462
21091
22310
22682
22680
23522
22681
168447
23521
23887
23886
23887
23887
23886
24701
170142
24703
23522
25897
24702
25898
171166
26262
25897
29513
175290
29883
175670
30726
175670
31050
29882
31888
31889
162097
162095
162805
162807
164234
164234
18692
164933
19049
164935
164235
17846
164936
164935
165297
19049
165979
19050
165986
165986
166344
167036
167036
21463
168448
22681
22310
169482
23886
169483
170143
170142
24701
170516
24702
171166
25898
171540
25898
174260
27443
175290
29883
175670
29883
177351
31890
POSITION: BOTTOMLEFT 16242 16223
16223
16228
16234
16238
16225
16227
16228
16238
16237
16234
16242
16244
16231
16233
16234
16223
16228
16225
16227
16238
16237
16242
16244
16223
16228
16234
16238
16225
16227
16227
16223
16238
16234
16242
16233
16223
16228
16225
16227
16227
16223
16233
16238
16234
16242
POSITION: TOPLEFT 162078 16242
162812
162813
162825
162825
162812
162813
162825
162824
162819
162819
162820
162822
162824
162825
162825
162824
POSITION: TOP 162078 32203
32203
176355
29525
162825
163151
166002
166002
163151
166322
20234
19898
163151
167057
21102
21450
167381
23874
171188
27433
173577
171188
23874
173575
174276
174612
173577
27433
174609
175315
174610
176356
174611
176356
174612
174276
175313
176356
175315
175313
176356
175313
177370
176355
29525
176355
32204
32203
176355
162825
163151
163151
165275
166002
166002
163151
166322
20234
167057
21102
171188
23874
173575
174276
173577
27433
174609
175315
174610
176356
174611
176356
174612
174276
175313
176356
175315
175313
176356
175313
177370
176355
29525
29870
175649
32205
32203
32204
32204
31899
32205
162825
162824
163151
17834
164217
164217
17835
162819
166002
165275
166322
20234
19898
167057
21102
21450
171188
24713
173575
174275
173577
27433
26250
174275
28644
174614
174609
175315
176356
174610
175313
174611
174610
174612
28643
27434
25909
23531
21452
19039
17835
174614
28644
27434
175313
174610
175315
174609
175649
29870
28645
27434
176356
174609
177370
176681
31039
30738
19898
20234
21450
21102
24713
25909
26250
27433
29525
29870
30738
31039
176680
31899
177369
32203
32204
32204
31899
32205
162819
162820
162822
162824
162825
162825
162824
163151
17834
164217
17835
165275
166002
166002
165275
166322
20234
167057
21102
171188
24713
173575
174275
173577
27433
174275
28644
174609
175315
174610
175313
174611
174610
174612
28643
174614
28644
175313
174610
175315
174609
175649
29870
176356
174609
177370
176681
POSITION: TOPRIGHT 32203 177350
31888
31889
177355
177357
31896
31897
31897
31896
31892
177351
32203
177351
177357
177370
32204
31888
31889
31897
31896
32203
177351
177357
177370
31888
31889
177355
177357
31896
32205
31897
31895
31892
177351
32203
32204
32204
31899
32205
31895
177351
31890
177355
177370
176681
176680
31888
31889
31897
31895
31899
177369
32203
32204
32204
31899
32205
31895
177351
31890
177370
176681
