POSITION: BOTTOMLEFT 211867 219287
211638
211867
213819
215157
217355
218194
218421
219287
219287
218421
219289
219288
211638
211867
219287
218421
219288
219289
211638
211867
213819
213819
212939
212706
219287
219288
219289
219287
219287
211638
211867
211639
212706
211867
213819
212939
219287
219288
219289
219287
POSITION: BOTTOM 219287 218222
217327
218194
218421
219287
217327
219287
218421
219289
219290
219293
219295
219299
219300
219301
218400
218399
218396
218222
219295
219293
219288
219302
219303
219303
219302
219495
219493
219495
219495
219493
217327
218222
218396
219287
218421
219288
219293
219289
219290
219295
219293
219302
219303
219303
219302
219493
219495
219495
219493
217330
217327
217330
217334
217330
217331
217334
217334
217330
218222
218219
218218
218215
218212
219287
219291
219293
219295
219299
219300
219301
218400
218399
218396
218222
219288
219290
219293
219289
219287
219295
219294
219293
219287
219302
219303
219303
219302
219493
219495
219495
219494
219303
217330
217327
217330
217330
217331
217334
217330
218212
218216
218218
218222
218222
218219
219287
219291
219288
219290
219289
219287
219295
219294
219302
219303
219303
219302
219493
219495
219495
219494
POSITION: BOTTOMRIGHT 218222 210775
212734
212910
213848
214025
214963
216080
216254
217162
217327
210773
211666
212734
215127
212909
211667
217159
217327
217162
218222
210772
211668
212909
210773
211666
212734
215127
212909
217159
217159
217327
217162
218222
210770
210770
211669
211837
212736
212908
210773
210772
211666
211840
212733
212911
213847
214026
214962
216080
216254
217162
212908
213849
215127
214965
215127
215127
214964
217330
217159
217160
217160
216256
217162
216254
217327
217330
217330
217330
218222
218219
218218
218222
210770
210770
211669
210772
210773
210772
211666
211840
212737
212908
212908
213849
214964
215127
215127
214964
216256
217160
217330
217159
217160
217160
216256
217162
216254
217327
217330
217330
217330
218218
218222
218222
218219
POSITION: GABLE 210775 211867
210592
209701
209703
210797
210795
210791
210789
211638
211867
211654
211656
211658
211658
211657
211656
209703
209701
210592
209701
210789
210791
210797
210795
211638
211867
211654
211656
211658
211657
209694
210594
210778
211658
211656
211853
209703
209702
209699
210594
210592
210782
211656
210594
210789
210790
211647
211862
210797
210795
210791
210789
211638
211867
211654
210786
210788
211647
211658
211657
211656
211853
211656
211862
211646
212706
209694
209703
209702
210592
210782
210594
210789
210790
210797
210795
211638
211867
211646
211643
211641
211639
211654
210786
211658
211657
211853
211656
211862
211646
212706
211867
POSITION: TOPLEFT 211867 208436
207609
207608
207607
207606
207609
208438
208439
208441
208439
208438
208437
208440
208439
208436
208441
208439
208654
208651
208655
208651
210797
211638
211867
207609
207606
207607
207608
207607
207609
208436
208439
208437
208438
208438
208439
208439
208438
208440
208439
208441
208439
208651
208652
208655
208654
208651
208655
208651
210797
211638
211867
207606
207607
207609
207608
207607
207609
207607
208436
208439
208441
208437
208439
208438
208439
208439
208438
208437
208440
208439
208441
208439
208651
208655
208654
208651
208655
208651
211862
210797
211638
211867
211862
212706
207606
207607
207608
207607
207609
207607
208436
208439
208437
208439
208438
208439
208439
208438
208440
208439
208441
208439
208651
208655
208654
208651
208655
208651
210797
211638
211867
211643
211641
211639
211862
212706
211867
POSITION: TOP 208436 207583
207609
207590
208454
207608
207607
207606
207609
208438
208439
208441
208439
208438
208437
208440
208439
208436
208441
208439
208454
207591
208654
208651
208651
207609
207590
208454
207591
208454
208458
207606
207607
207608
207607
207609
208436
208439
208437
208438
208438
208439
208439
208438
208440
208439
208441
208439
208454
207591
208651
208652
208654
208651
208651
207590
208453
207591
208454
208458
207606
207607
207609
207608
207607
207609
207607
208436
208439
208441
208437
208439
208438
208439
208439
208438
208437
208440
208439
208441
208439
208453
208456
208458
208454
208456
208458
208456
208651
208654
208651
208443
208651
207590
208453
207591
208454
207606
207607
207608
207607
207609
207607
208436
208439
208437
208439
208438
208439
208439
208438
208440
208439
208441
208439
208443
207601
208453
208456
208454
208456
208458
208456
208651
208654
208651
208651
POSITION: TOPRIGHT 207583 210775
209693
210598
210773
210599
209693
210598
210599
209692
210773
210599
209693
210598
210598
210599
209692
210773
209692
210599
209693
210598
210599
209692
210773
